0.00000	0.00000	0.00000	0.00000	0.00000	0.00000	0.00000	0.00000	0.00000	0.00000
0.00000	0.00000	0.00000	0.00000	0.00000	0.00001	0.00000	-0.00001	-0.00001	-0.00001
0.00000	0.00001	0.00000	-0.00001	0.00002	0.00003	-0.00001	-0.00005	-0.00004	-0.00005
-0.00001	0.00003	-0.00001	-0.00003	0.00005	0.00008	-0.00002	-0.00016	-0.00013	-0.00016
-0.00001	0.00007	-0.00003	-0.00008	0.00012	0.00016	-0.00005	-0.00036	-0.00029	-0.00038
0.00000	0.00011	-0.00007	-0.00016	0.00025	0.00029	-0.00010	-0.00069	-0.00057	-0.00075
0.00003	0.00016	-0.00014	-0.00028	0.00045	0.00045	-0.00018	-0.00121	-0.00101	-0.00134
0.00008	0.00019	-0.00021	-0.00045	0.00077	0.00062	-0.00028	-0.00197	-0.00164	-0.00218
0.00016	0.00017	-0.00028	-0.00067	0.00122	0.00079	-0.00039	-0.00301	-0.00252	-0.00334
0.00026	0.00009	-0.00030	-0.00096	0.00183	0.00094	-0.00049	-0.00440	-0.00371	-0.00487
0.00038	-0.00008	-0.00024	-0.00132	0.00260	0.00105	-0.00054	-0.00619	-0.00526	-0.00681
0.00051	-0.00037	-0.00005	-0.00178	0.00354	0.00108	-0.00049	-0.00846	-0.00724	-0.00922
0.00063	-0.00080	0.00028	-0.00235	0.00462	0.00103	-0.00030	-0.01129	-0.00970	-0.01213
0.00073	-0.00139	0.00077	-0.00306	0.00581	0.00086	0.00011	-0.01479	-0.01273	-0.01559
0.00078	-0.00218	0.00140	-0.00394	0.00704	0.00053	0.00084	-0.01912	-0.01643	-0.01964
0.00076	-0.00321	0.00211	-0.00501	0.00822	0.00000	0.00198	-0.02445	-0.02092	-0.02432
0.00063	-0.00449	0.00285	-0.00629	0.00925	-0.00078	0.00366	-0.03098	-0.02633	-0.02969
0.00039	-0.00609	0.00351	-0.00782	0.01001	-0.00189	0.00601	-0.03894	-0.03283	-0.03581
0.00002	-0.00804	0.00398	-0.00961	0.01036	-0.00342	0.00919	-0.04860	-0.04058	-0.04275
-0.00047	-0.01041	0.00413	-0.01168	0.01015	-0.00547	0.01334	-0.06024	-0.04977	-0.05058
-0.00108	-0.01324	0.00383	-0.01403	0.00926	-0.00816	0.01861	-0.07414	-0.06061	-0.05938
-0.00179	-0.01660	0.00294	-0.01667	0.00752	-0.01162	0.02513	-0.09059	-0.07330	-0.06925
-0.00256	-0.02051	0.00133	-0.01956	0.00484	-0.01599	0.03301	-0.10987	-0.08805	-0.08026
-0.00336	-0.02503	-0.00112	-0.02267	0.00110	-0.02141	0.04232	-0.13221	-0.10508	-0.09246
-0.00414	-0.03016	-0.00449	-0.02593	-0.00376	-0.02802	0.05313	-0.15782	-0.12460	-0.10591
-0.00484	-0.03590	-0.00887	-0.02927	-0.00980	-0.03596	0.06543	-0.18687	-0.14679	-0.12064
-0.00540	-0.04223	-0.01431	-0.03261	-0.01702	-0.04536	0.07918	-0.21945	-0.17184	-0.13668
-0.00577	-0.04908	-0.02086	-0.03584	-0.02543	-0.05638	0.09430	-0.25565	-0.19988	-0.15402
-0.00588	-0.05641	-0.02853	-0.03885	-0.03499	-0.06911	0.11064	-0.29545	-0.23102	-0.17267
-0.00567	-0.06413	-0.03733	-0.04156	-0.04563	-0.08365	0.12803	-0.33885	-0.26531	-0.19261
-0.00509	-0.07217	-0.04724	-0.04388	-0.05727	-0.10010	0.14624	-0.38574	-0.30276	-0.21379
-0.00411	-0.08045	-0.05825	-0.04572	-0.06979	-0.11852	0.16502	-0.43600	-0.34333	-0.23616
-0.00269	-0.08888	-0.07030	-0.04702	-0.08304	-0.13895	0.18409	-0.48946	-0.38692	-0.25967
-0.00080	-0.09737	-0.08337	-0.04774	-0.09688	-0.16141	0.20314	-0.54587	-0.43338	-0.28423
0.00158	-0.10585	-0.09737	-0.04785	-0.11112	-0.18591	0.22187	-0.60499	-0.48255	-0.30977
0.00444	-0.11422	-0.11224	-0.04733	-0.12559	-0.21244	0.23994	-0.66650	-0.53420	-0.33618
0.00780	-0.12242	-0.12788	-0.04619	-0.14012	-0.24096	0.25701	-0.73008	-0.58809	-0.36335
0.01164	-0.13036	-0.14416	-0.04446	-0.15453	-0.27141	0.27277	-0.79539	-0.64398	-0.39117
0.01599	-0.13799	-0.16099	-0.04220	-0.16866	-0.30374	0.28689	-0.86204	-0.70158	-0.41952
0.02083	-0.14524	-0.17822	-0.03948	-0.18236	-0.33786	0.29909	-0.92965	-0.76061	-0.44828
0.02619	-0.15205	-0.19574	-0.03639	-0.19550	-0.37368	0.30910	-0.99783	-0.82078	-0.47733
0.03205	-0.15841	-0.21340	-0.03302	-0.20798	-0.41108	0.31672	-1.06618	-0.88178	-0.50655
0.03842	-0.16429	-0.23107	-0.02948	-0.21969	-0.44994	0.32174	-1.13431	-0.94332	-0.53580
0.04528	-0.16968	-0.24862	-0.02589	-0.23056	-0.49012	0.32402	-1.20185	-1.00509	-0.56498
0.05261	-0.17461	-0.26589	-0.02237	-0.24052	-0.53147	0.32346	-1.26844	-1.06682	-0.59396
0.06038	-0.17907	-0.28277	-0.01902	-0.24953	-0.57381	0.31998	-1.33372	-1.12822	-0.62264
0.06856	-0.18311	-0.29910	-0.01598	-0.25755	-0.61694	0.31357	-1.39737	-1.18905	-0.65090
0.07714	-0.18674	-0.31478	-0.01332	-0.26456	-0.66065	0.30423	-1.45908	-1.24905	-0.67864
0.08609	-0.18999	-0.32966	-0.01114	-0.27055	-0.70475	0.29201	-1.51855	-1.30802	-0.70578
0.09537	-0.19289	-0.34364	-0.00952	-0.27553	-0.74899	0.27699	-1.57552	-1.36573	-0.73221
0.10494	-0.19544	-0.35661	-0.00851	-0.27952	-0.79315	0.25926	-1.62974	-1.42200	-0.75784
0.11477	-0.19765	-0.36848	-0.00816	-0.28254	-0.83701	0.23898	-1.68100	-1.47664	-0.78259
0.12481	-0.19954	-0.37917	-0.00849	-0.28463	-0.88034	0.21629	-1.72908	-1.52948	-0.80637
0.13501	-0.20110	-0.38864	-0.00951	-0.28581	-0.92292	0.19140	-1.77383	-1.58034	-0.82909
0.14532	-0.20231	-0.39686	-0.01122	-0.28614	-0.96457	0.16451	-1.81510	-1.62906	-0.85069
0.15566	-0.20317	-0.40381	-0.01361	-0.28564	-1.00510	0.13587	-1.85277	-1.67551	-0.87111
0.16599	-0.20367	-0.40951	-0.01665	-0.28436	-1.04437	0.10573	-1.88676	-1.71955	-0.89029
0.17623	-0.20382	-0.41400	-0.02030	-0.28231	-1.08224	0.07435	-1.91704	-1.76106	-0.90819
0.18632	-0.20360	-0.41733	-0.02450	-0.27953	-1.11859	0.04201	-1.94360	-1.79996	-0.92477
0.19620	-0.20303	-0.41958	-0.02920	-0.27604	-1.15333	0.00898	-1.96647	-1.83617	-0.94001
0.20581	-0.20210	-0.42081	-0.03433	-0.27184	-1.18637	-0.02446	-1.98572	-1.86963	-0.95387
0.21512	-0.20084	-0.42112	-0.03982	-0.26696	-1.21766	-0.05805	-2.00147	-1.90031	-0.96635
0.22408	-0.19926	-0.42059	-0.04560	-0.26143	-1.24712	-0.09152	-2.01386	-1.92816	-0.97744
0.23269	-0.19736	-0.41929	-0.05158	-0.25525	-1.27471	-0.12464	-2.02307	-1.95319	-0.98714
0.24094	-0.19516	-0.41730	-0.05770	-0.24848	-1.30039	-0.15716	-2.02932	-1.97537	-0.99546
0.24883	-0.19265	-0.41468	-0.06387	-0.24116	-1.32412	-0.18887	-2.03283	-1.99473	-1.00241
0.25637	-0.18982	-0.41152	-0.07002	-0.23334	-1.34589	-0.21956	-2.03384	-2.01129	-1.00801
0.26358	-0.18667	-0.40785	-0.07609	-0.22509	-1.36569	-0.24907	-2.03260	-2.02507	-1.01230
0.27048	-0.18317	-0.40374	-0.08203	-0.21648	-1.38354	-0.27720	-2.02936	-2.03615	-1.01530
0.27710	-0.17931	-0.39924	-0.08779	-0.20759	-1.39943	-0.30382	-2.02439	-2.04457	-1.01704
0.28345	-0.17506	-0.39440	-0.09332	-0.19849	-1.41338	-0.32878	-2.01793	-2.05041	-1.01756
0.28956	-0.17040	-0.38928	-0.09860	-0.18928	-1.42543	-0.35195	-2.01022	-2.05377	-1.01691
0.29543	-0.16531	-0.38392	-0.10361	-0.18003	-1.43561	-0.37322	-2.00150	-2.05475	-1.01513
0.30108	-0.15978	-0.37839	-0.10834	-0.17083	-1.44395	-0.39251	-1.99198	-2.05345	-1.01230
0.30650	-0.15381	-0.37275	-0.11279	-0.16175	-1.45051	-0.40973	-1.98186	-2.04999	-1.00849
0.31170	-0.14740	-0.36706	-0.11696	-0.15287	-1.45536	-0.42484	-1.97133	-2.04450	-1.00379
0.31664	-0.14058	-0.36138	-0.12087	-0.14429	-1.45856	-0.43782	-1.96055	-2.03709	-0.99831
0.32132	-0.13338	-0.35578	-0.12453	-0.13607	-1.46022	-0.44866	-1.94966	-2.02788	-0.99215
0.32569	-0.12584	-0.35031	-0.12795	-0.12830	-1.46042	-0.45737	-1.93880	-2.01703	-0.98543
0.32972	-0.11799	-0.34501	-0.13116	-0.12104	-1.45927	-0.46397	-1.92806	-2.00468	-0.97826
0.33337	-0.10990	-0.33994	-0.13416	-0.11435	-1.45689	-0.46850	-1.91755	-1.99097	-0.97076
0.33658	-0.10160	-0.33512	-0.13699	-0.10829	-1.45337	-0.47101	-1.90734	-1.97608	-0.96302
0.33933	-0.09317	-0.33059	-0.13964	-0.10290	-1.44884	-0.47159	-1.89751	-1.96016	-0.95513
0.34156	-0.08465	-0.32638	-0.14213	-0.09820	-1.44339	-0.47029	-1.88811	-1.94340	-0.94714
0.34327	-0.07610	-0.32251	-0.14445	-0.09421	-1.43713	-0.46723	-1.87919	-1.92595	-0.93912
0.34445	-0.06756	-0.31897	-0.14660	-0.09093	-1.43017	-0.46252	-1.87080	-1.90801	-0.93111
0.34510	-0.05908	-0.31580	-0.14858	-0.08834	-1.42259	-0.45626	-1.86295	-1.88974	-0.92314
0.34525	-0.05070	-0.31300	-0.15036	-0.08644	-1.41447	-0.44861	-1.85569	-1.87133	-0.91524
0.34492	-0.04245	-0.31059	-0.15195	-0.08520	-1.40587	-0.43971	-1.84902	-1.85294	-0.90744
0.34415	-0.03436	-0.30860	-0.15331	-0.08459	-1.39684	-0.42972	-1.84297	-1.83474	-0.89976
0.34297	-0.02645	-0.30703	-0.15443	-0.08460	-1.38743	-0.41883	-1.83754	-1.81688	-0.89221
0.34141	-0.01875	-0.30592	-0.15529	-0.08519	-1.37766	-0.40721	-1.83274	-1.79950	-0.88480
0.33951	-0.01127	-0.30526	-0.15590	-0.08633	-1.36753	-0.39505	-1.82857	-1.78273	-0.87755
0.33729	-0.00402	-0.30506	-0.15624	-0.08798	-1.35707	-0.38256	-1.82503	-1.76670	-0.87045
0.33481	0.00297	-0.30533	-0.15633	-0.09010	-1.34629	-0.36991	-1.82213	-1.75148	-0.86351
0.33212	0.00968	-0.30609	-0.15619	-0.09266	-1.33520	-0.35729	-1.81984	-1.73714	-0.85675
0.32926	0.01611	-0.30731	-0.15585	-0.09560	-1.32380	-0.34489	-1.81814	-1.72374	-0.85019
0.32631	0.02222	-0.30899	-0.15533	-0.09891	-1.31211	-0.33287	-1.81699	-1.71132	-0.84384
0.32334	0.02801	-0.31111	-0.15467	-0.10252	-1.30016	-0.32138	-1.81633	-1.69988	-0.83774
0.32039	0.03345	-0.31364	-0.15389	-0.10641	-1.28797	-0.31055	-1.81610	-1.68946	-0.83194
0.31752	0.03854	-0.31655	-0.15302	-0.11053	-1.27556	-0.30049	-1.81623	-1.68004	-0.82649
0.31480	0.04326	-0.31981	-0.15209	-0.11484	-1.26297	-0.29131	-1.81666	-1.67164	-0.82142
0.31227	0.04760	-0.32338	-0.15110	-0.11927	-1.25022	-0.28308	-1.81732	-1.66423	-0.81679
0.30997	0.05156	-0.32723	-0.15008	-0.12378	-1.23734	-0.27584	-1.81815	-1.65776	-0.81263
0.30792	0.05512	-0.33133	-0.14903	-0.12831	-1.22436	-0.26964	-1.81910	-1.65219	-0.80899
0.30615	0.05829	-0.33567	-0.14795	-0.13281	-1.21129	-0.26450	-1.82013	-1.64743	-0.80589
0.30467	0.06108	-0.34022	-0.14687	-0.13722	-1.19817	-0.26042	-1.82122	-1.64337	-0.80335
0.30348	0.06348	-0.34499	-0.14579	-0.14147	-1.18503	-0.25739	-1.82233	-1.63990	-0.80140
0.30258	0.06549	-0.34997	-0.14475	-0.14552	-1.17192	-0.25541	-1.82344	-1.63689	-0.80003
0.30198	0.06713	-0.35515	-0.14376	-0.14931	-1.15886	-0.25446	-1.82452	-1.63420	-0.79924
0.30169	0.06840	-0.36051	-0.14286	-0.15281	-1.14593	-0.25451	-1.82555	-1.63171	-0.79904
0.30172	0.06931	-0.36605	-0.14207	-0.15598	-1.13316	-0.25554	-1.82651	-1.62929	-0.79940
0.30208	0.06985	-0.37174	-0.14142	-0.15879	-1.12061	-0.25753	-1.82737	-1.62680	-0.80032
0.30278	0.07004	-0.37756	-0.14092	-0.16119	-1.10836	-0.26045	-1.82814	-1.62415	-0.80177
0.30382	0.06988	-0.38349	-0.14060	-0.16317	-1.09644	-0.26427	-1.82878	-1.62124	-0.80371
0.30520	0.06939	-0.38950	-0.14045	-0.16468	-1.08491	-0.26893	-1.82929	-1.61800	-0.80612
0.30691	0.06860	-0.39554	-0.14049	-0.16571	-1.07382	-0.27439	-1.82964	-1.61440	-0.80894
0.30894	0.06752	-0.40159	-0.14071	-0.16621	-1.06317	-0.28057	-1.82984	-1.61040	-0.81212
0.31129	0.06617	-0.40761	-0.14110	-0.16617	-1.05301	-0.28740	-1.82985	-1.60600	-0.81562
0.31395	0.06459	-0.41354	-0.14165	-0.16554	-1.04334	-0.29480	-1.82967	-1.60120	-0.81935
0.31690	0.06282	-0.41933	-0.14236	-0.16431	-1.03417	-0.30270	-1.82928	-1.59602	-0.82328
0.32013	0.06090	-0.42492	-0.14321	-0.16246	-1.02552	-0.31100	-1.82868	-1.59050	-0.82731
0.32361	0.05884	-0.43025	-0.14421	-0.15999	-1.01739	-0.31962	-1.82786	-1.58469	-0.83138
0.32735	0.05669	-0.43525	-0.14534	-0.15692	-1.00980	-0.32848	-1.82681	-1.57864	-0.83543
0.33131	0.05444	-0.43988	-0.14662	-0.15326	-1.00275	-0.33749	-1.82552	-1.57240	-0.83937
0.33549	0.05211	-0.44408	-0.14806	-0.14905	-0.99627	-0.34658	-1.82400	-1.56606	-0.84316
0.33988	0.04970	-0.44781	-0.14966	-0.14435	-0.99035	-0.35569	-1.82224	-1.55967	-0.84672
0.34449	0.04719	-0.45102	-0.15143	-0.13919	-0.98501	-0.36475	-1.82022	-1.55331	-0.85000
0.34931	0.04456	-0.45369	-0.15337	-0.13365	-0.98024	-0.37371	-1.81792	-1.54707	-0.85296
0.35433	0.04179	-0.45578	-0.15547	-0.12777	-0.97602	-0.38253	-1.81534	-1.54100	-0.85554
0.35955	0.03887	-0.45727	-0.15773	-0.12163	-0.97236	-0.39117	-1.81244	-1.53519	-0.85770
0.36495	0.03576	-0.45816	-0.16011	-0.11527	-0.96921	-0.39962	-1.80923	-1.52969	-0.85941
0.37050	0.03244	-0.45842	-0.16260	-0.10875	-0.96657	-0.40785	-1.80571	-1.52457	-0.86063
0.37619	0.02890	-0.45805	-0.16515	-0.10215	-0.96439	-0.41585	-1.80186	-1.51989	-0.86135
0.38197	0.02511	-0.45705	-0.16773	-0.09552	-0.96265	-0.42364	-1.79770	-1.51571	-0.86154
0.38781	0.02108	-0.45542	-0.17027	-0.08895	-0.96128	-0.43122	-1.79324	-1.51207	-0.86123
0.39366	0.01680	-0.45316	-0.17275	-0.08250	-0.96025	-0.43860	-1.78849	-1.50901	-0.86042
0.39946	0.01229	-0.45030	-0.17511	-0.07626	-0.95950	-0.44583	-1.78347	-1.50656	-0.85913
0.40515	0.00759	-0.44685	-0.17731	-0.07029	-0.95899	-0.45294	-1.77821	-1.50476	-0.85739
0.41067	0.00273	-0.44286	-0.17932	-0.06467	-0.95865	-0.45995	-1.77270	-1.50362	-0.85523
0.41592	-0.00222	-0.43836	-0.18111	-0.05947	-0.95845	-0.46691	-1.76698	-1.50314	-0.85269
0.42083	-0.00720	-0.43338	-0.18266	-0.05474	-0.95834	-0.47387	-1.76104	-1.50332	-0.84979
0.42530	-0.01214	-0.42798	-0.18397	-0.05053	-0.95829	-0.48086	-1.75492	-1.50416	-0.84656
0.42926	-0.01696	-0.42221	-0.18500	-0.04688	-0.95827	-0.48794	-1.74865	-1.50562	-0.84302
0.43263	-0.02161	-0.41613	-0.18575	-0.04380	-0.95826	-0.49514	-1.74225	-1.50766	-0.83920
0.43532	-0.02602	-0.40982	-0.18618	-0.04131	-0.95826	-0.50251	-1.73575	-1.51026	-0.83509
0.43730	-0.03014	-0.40335	-0.18626	-0.03941	-0.95827	-0.51009	-1.72915	-1.51335	-0.83070
0.43852	-0.03393	-0.39678	-0.18596	-0.03808	-0.95831	-0.51793	-1.72248	-1.51688	-0.82603
0.43895	-0.03736	-0.39020	-0.18522	-0.03731	-0.95841	-0.52605	-1.71572	-1.52079	-0.82108
0.43859	-0.04042	-0.38365	-0.18399	-0.03706	-0.95857	-0.53448	-1.70886	-1.52503	-0.81584
0.43741	-0.04309	-0.37720	-0.18223	-0.03728	-0.95883	-0.54326	-1.70191	-1.52951	-0.81030
0.43542	-0.04538	-0.37089	-0.17989	-0.03794	-0.95918	-0.55240	-1.69483	-1.53418	-0.80445
0.43264	-0.04731	-0.36476	-0.17695	-0.03896	-0.95962	-0.56191	-1.68761	-1.53898	-0.79830
0.42908	-0.04890	-0.35884	-0.17339	-0.04030	-0.96016	-0.57180	-1.68024	-1.54382	-0.79186
0.42476	-0.05016	-0.35315	-0.16921	-0.04190	-0.96078	-0.58208	-1.67269	-1.54863	-0.78513
0.41971	-0.05112	-0.34771	-0.16441	-0.04370	-0.96149	-0.59276	-1.66494	-1.55336	-0.77817
0.41397	-0.05179	-0.34252	-0.15904	-0.04565	-0.96228	-0.60384	-1.65699	-1.55793	-0.77100
0.40759	-0.05219	-0.33757	-0.15313	-0.04771	-0.96315	-0.61533	-1.64884	-1.56226	-0.76366
0.40063	-0.05235	-0.33285	-0.14676	-0.04984	-0.96410	-0.62724	-1.64049	-1.56627	-0.75621
0.39316	-0.05225	-0.32835	-0.14001	-0.05199	-0.96509	-0.63955	-1.63193	-1.56991	-0.74869
0.38528	-0.05192	-0.32404	-0.13296	-0.05412	-0.96612	-0.65228	-1.62319	-1.57308	-0.74113
0.37707	-0.05133	-0.31989	-0.12572	-0.05619	-0.96714	-0.66543	-1.61426	-1.57573	-0.73357
0.36864	-0.05050	-0.31589	-0.11839	-0.05816	-0.96812	-0.67900	-1.60517	-1.57779	-0.72604
0.36009	-0.04940	-0.31199	-0.11108	-0.05996	-0.96900	-0.69299	-1.59593	-1.57921	-0.71853
0.35151	-0.04804	-0.30817	-0.10390	-0.06155	-0.96971	-0.70740	-1.58657	-1.57992	-0.71105
0.34300	-0.04641	-0.30440	-0.09697	-0.06286	-0.97021	-0.72224	-1.57710	-1.57989	-0.70358
0.33463	-0.04451	-0.30064	-0.09040	-0.06385	-0.97044	-0.73752	-1.56754	-1.57910	-0.69612
0.32647	-0.04236	-0.29688	-0.08431	-0.06445	-0.97036	-0.75325	-1.55791	-1.57751	-0.68864
0.31858	-0.03995	-0.29309	-0.07883	-0.06464	-0.96992	-0.76945	-1.54821	-1.57510	-0.68114
0.31101	-0.03731	-0.28928	-0.07405	-0.06436	-0.96912	-0.78612	-1.53845	-1.57187	-0.67362
0.30380	-0.03446	-0.28544	-0.07008	-0.06361	-0.96793	-0.80328	-1.52863	-1.56781	-0.66608
0.29699	-0.03141	-0.28156	-0.06700	-0.06235	-0.96635	-0.82091	-1.51878	-1.56292	-0.65855
0.29062	-0.02820	-0.27765	-0.06487	-0.06059	-0.96440	-0.83903	-1.50887	-1.55721	-0.65104
0.28473	-0.02484	-0.27369	-0.06372	-0.05831	-0.96209	-0.85760	-1.49893	-1.55068	-0.64358
0.27932	-0.02139	-0.26969	-0.06359	-0.05551	-0.95944	-0.87660	-1.48893	-1.54336	-0.63621
0.27443	-0.01789	-0.26564	-0.06449	-0.05219	-0.95651	-0.89600	-1.47888	-1.53527	-0.62895
0.27007	-0.01440	-0.26153	-0.06640	-0.04834	-0.95333	-0.91575	-1.46878	-1.52644	-0.62185
0.26625	-0.01096	-0.25739	-0.06933	-0.04396	-0.94996	-0.93579	-1.45865	-1.51692	-0.61495
0.26297	-0.00766	-0.25320	-0.07323	-0.03904	-0.94644	-0.95604	-1.44847	-1.50676	-0.60829
0.26023	-0.00455	-0.24899	-0.07808	-0.03359	-0.94281	-0.97644	-1.43825	-1.49602	-0.60192
0.25802	-0.00169	-0.24477	-0.08382	-0.02761	-0.93913	-0.99690	-1.42800	-1.48476	-0.59588
0.25634	0.00086	-0.24058	-0.09038	-0.02112	-0.93545	-1.01733	-1.41772	-1.47304	-0.59023
0.25519	0.00307	-0.23646	-0.09769	-0.01414	-0.93180	-1.03763	-1.40743	-1.46092	-0.58502
0.25454	0.00491	-0.23244	-0.10566	-0.00669	-0.92821	-1.05773	-1.39714	-1.44846	-0.58029
0.25439	0.00635	-0.22857	-0.11421	0.00119	-0.92470	-1.07753	-1.38685	-1.43571	-0.57611
0.25471	0.00739	-0.22490	-0.12323	0.00947	-0.92128	-1.09696	-1.37658	-1.42272	-0.57251
0.25549	0.00804	-0.22145	-0.13264	0.01811	-0.91797	-1.11596	-1.36632	-1.40953	-0.56954
0.25671	0.00832	-0.21829	-0.14232	0.02706	-0.91474	-1.13447	-1.35608	-1.39617	-0.56723
0.25833	0.00826	-0.21543	-0.15217	0.03627	-0.91160	-1.15245	-1.34586	-1.38266	-0.56561
0.26032	0.00790	-0.21289	-0.16208	0.04568	-0.90852	-1.16984	-1.33566	-1.36904	-0.56468
0.26264	0.00729	-0.21069	-0.17197	0.05522	-0.90550	-1.18662	-1.32548	-1.35532	-0.56444
0.26524	0.00646	-0.20883	-0.18174	0.06483	-0.90250	-1.20276	-1.31533	-1.34154	-0.56484
0.26810	0.00547	-0.20732	-0.19131	0.07444	-0.89951	-1.21822	-1.30521	-1.32773	-0.56582
0.27115	0.00434	-0.20616	-0.20060	0.08398	-0.89652	-1.23299	-1.29516	-1.31393	-0.56729
0.27437	0.00311	-0.20534	-0.20955	0.09339	-0.89351	-1.24704	-1.28520	-1.30018	-0.56916
0.27771	0.00180	-0.20485	-0.21809	0.10263	-0.89049	-1.26037	-1.27534	-1.28650	-0.57131
0.28114	0.00043	-0.20468	-0.22618	0.11165	-0.88749	-1.27298	-1.26563	-1.27293	-0.57361
0.28462	-0.00096	-0.20480	-0.23378	0.12041	-0.88450	-1.28487	-1.25610	-1.25947	-0.57597
0.28813	-0.00236	-0.20518	-0.24085	0.12890	-0.88154	-1.29607	-1.24678	-1.24614	-0.57826
0.29164	-0.00372	-0.20578	-0.24737	0.13708	-0.87864	-1.30658	-1.23770	-1.23292	-0.58040
0.29511	-0.00500	-0.20655	-0.25331	0.14494	-0.87581	-1.31643	-1.22889	-1.21981	-0.58232
0.29852	-0.00618	-0.20743	-0.25866	0.15248	-0.87304	-1.32562	-1.22035	-1.20680	-0.58394
0.30186	-0.00719	-0.20833	-0.26339	0.15969	-0.87036	-1.33419	-1.21210	-1.19389	-0.58524
0.30508	-0.00802	-0.20918	-0.26747	0.16655	-0.86773	-1.34216	-1.20411	-1.18108	-0.58618
0.30818	-0.00862	-0.20988	-0.27089	0.17307	-0.86515	-1.34956	-1.19635	-1.16840	-0.58674
0.31111	-0.00895	-0.21035	-0.27363	0.17923	-0.86257	-1.35646	-1.18877	-1.15588	-0.58691
0.31387	-0.00900	-0.21049	-0.27566	0.18504	-0.85996	-1.36289	-1.18132	-1.14355	-0.58668
0.31641	-0.00871	-0.21022	-0.27697	0.19051	-0.85728	-1.36891	-1.17396	-1.13144	-0.58605
0.31874	-0.00805	-0.20946	-0.27756	0.19565	-0.85448	-1.37458	-1.16661	-1.11961	-0.58501
0.32083	-0.00698	-0.20815	-0.27743	0.20047	-0.85153	-1.37994	-1.15924	-1.10808	-0.58357
0.32269	-0.00545	-0.20621	-0.27656	0.20500	-0.84840	-1.38505	-1.15179	-1.09690	-0.58174
0.32435	-0.00345	-0.20360	-0.27496	0.20927	-0.84504	-1.38994	-1.14423	-1.08613	-0.57953
0.32582	-0.00096	-0.20027	-0.27263	0.21331	-0.84144	-1.39465	-1.13654	-1.07582	-0.57696
0.32714	0.00205	-0.19616	-0.26957	0.21716	-0.83758	-1.39921	-1.12872	-1.06600	-0.57406
0.32837	0.00558	-0.19123	-0.26577	0.22083	-0.83348	-1.40365	-1.12077	-1.05672	-0.57087
0.32956	0.00961	-0.18544	-0.26123	0.22435	-0.82913	-1.40801	-1.11271	-1.04804	-0.56743
0.33077	0.01415	-0.17874	-0.25596	0.22775	-0.82457	-1.41231	-1.10459	-1.04000	-0.56376
0.33207	0.01920	-0.17110	-0.24997	0.23105	-0.81984	-1.41658	-1.09643	-1.03261	-0.55990
0.33353	0.02474	-0.16249	-0.24327	0.23428	-0.81500	-1.42082	-1.08831	-1.02591	-0.55585
0.33521	0.03076	-0.15289	-0.23586	0.23746	-0.81010	-1.42507	-1.08026	-1.01992	-0.55165
0.33713	0.03724	-0.14227	-0.22777	0.24058	-0.80521	-1.42933	-1.07237	-1.01466	-0.54730
0.33931	0.04414	-0.13061	-0.21901	0.24367	-0.80039	-1.43360	-1.06468	-1.01014	-0.54283
0.34176	0.05141	-0.11790	-0.20959	0.24672	-0.79571	-1.43786	-1.05725	-1.00639	-0.53826
0.34443	0.05902	-0.10412	-0.19952	0.24971	-0.79122	-1.44212	-1.05014	-1.00340	-0.53364
0.34730	0.06691	-0.08928	-0.18884	0.25265	-0.78698	-1.44634	-1.04342	-1.00118	-0.52899
0.35031	0.07500	-0.07338	-0.17758	0.25555	-0.78307	-1.45052	-1.03713	-0.99972	-0.52438
0.35342	0.08324	-0.05646	-0.16577	0.25840	-0.77953	-1.45462	-1.03132	-0.99900	-0.51984
0.35657	0.09157	-0.03853	-0.15347	0.26122	-0.77642	-1.45864	-1.02603	-0.99902	-0.51541
0.35974	0.09992	-0.01964	-0.14073	0.26403	-0.77380	-1.46256	-1.02130	-0.99973	-0.51113
0.36292	0.10826	0.00015	-0.12760	0.26685	-0.77172	-1.46636	-1.01714	-1.00110	-0.50700
0.36610	0.11655	0.02081	-0.11416	0.26972	-0.77022	-1.47004	-1.01360	-1.00310	-0.50303
0.36933	0.12475	0.04228	-0.10045	0.27267	-0.76933	-1.47360	-1.01068	-1.00569	-0.49922
0.37264	0.13285	0.06451	-0.08655	0.27572	-0.76909	-1.47702	-1.00843	-1.00884	-0.49559
0.37610	0.14083	0.08746	-0.07251	0.27890	-0.76951	-1.48030	-1.00687	-1.01250	-0.49214
0.37977	0.14866	0.11107	-0.05840	0.28225	-0.77061	-1.48342	-1.00601	-1.01664	-0.48887
0.38373	0.15632	0.13529	-0.04427	0.28577	-0.77238	-1.48636	-1.00590	-1.02123	-0.48581
0.38805	0.16378	0.16006	-0.03021	0.28949	-0.77484	-1.48911	-1.00657	-1.02626	-0.48300
0.39282	0.17100	0.18532	-0.01625	0.29342	-0.77795	-1.49163	-1.00804	-1.03172	-0.48048
0.39810	0.17796	0.21100	-0.00245	0.29757	-0.78171	-1.49388	-1.01036	-1.03760	-0.47829
0.40397	0.18461	0.23703	0.01114	0.30193	-0.78608	-1.49584	-1.01357	-1.04391	-0.47649
0.41047	0.19092	0.26337	0.02447	0.30649	-0.79103	-1.49746	-1.01769	-1.05066	-0.47510
0.41768	0.19687	0.28993	0.03751	0.31123	-0.79650	-1.49869	-1.02277	-1.05785	-0.47416
0.42561	0.20245	0.31668	0.05022	0.31613	-0.80245	-1.49950	-1.02883	-1.06548	-0.47370
0.43432	0.20764	0.34355	0.06258	0.32115	-0.80882	-1.49984	-1.03588	-1.07357	-0.47374
0.44382	0.21242	0.37050	0.07458	0.32626	-0.81555	-1.49967	-1.04393	-1.08209	-0.47430
0.45411	0.21681	0.39748	0.08622	0.33145	-0.82258	-1.49897	-1.05300	-1.09105	-0.47538
0.46522	0.22081	0.42447	0.09752	0.33668	-0.82987	-1.49768	-1.06306	-1.10041	-0.47700
0.47711	0.22442	0.45142	0.10851	0.34196	-0.83737	-1.49580	-1.07413	-1.11013	-0.47918
0.48979	0.22767	0.47830	0.11922	0.34729	-0.84505	-1.49329	-1.08619	-1.12018	-0.48192
0.50323	0.23058	0.50508	0.12972	0.35268	-0.85288	-1.49017	-1.09922	-1.13051	-0.48528
0.51740	0.23317	0.53174	0.14003	0.35815	-0.86085	-1.48642	-1.11322	-1.14108	-0.48928
0.53227	0.23549	0.55825	0.15020	0.36374	-0.86892	-1.48204	-1.12818	-1.15184	-0.49396
0.54779	0.23757	0.58459	0.16027	0.36947	-0.87709	-1.47703	-1.14408	-1.16276	-0.49936
0.56390	0.23945	0.61075	0.17028	0.37538	-0.88533	-1.47140	-1.16090	-1.17378	-0.50552
0.58053	0.24116	0.63670	0.18024	0.38152	-0.89363	-1.46514	-1.17864	-1.18488	-0.51248
0.59760	0.24274	0.66243	0.19018	0.38793	-0.90197	-1.45825	-1.19727	-1.19604	-0.52027
0.61503	0.24424	0.68792	0.20011	0.39465	-0.91035	-1.45075	-1.21675	-1.20723	-0.52893
0.63273	0.24570	0.71316	0.21006	0.40174	-0.91875	-1.44263	-1.23704	-1.21844	-0.53846
0.65064	0.24719	0.73814	0.22005	0.40925	-0.92719	-1.43390	-1.25809	-1.22966	-0.54890
0.66868	0.24875	0.76285	0.23011	0.41722	-0.93566	-1.42457	-1.27982	-1.24089	-0.56025
0.68678	0.25046	0.78729	0.24029	0.42571	-0.94417	-1.41465	-1.30216	-1.25211	-0.57252
0.70491	0.25238	0.81145	0.25063	0.43477	-0.95272	-1.40417	-1.32501	-1.26332	-0.58570
0.72301	0.25458	0.83534	0.26118	0.44445	-0.96132	-1.39317	-1.34825	-1.27452	-0.59979
0.74104	0.25711	0.85897	0.27197	0.45480	-0.96997	-1.38169	-1.37176	-1.28571	-0.61476
0.75897	0.26001	0.88236	0.28306	0.46585	-0.97867	-1.36979	-1.39542	-1.29691	-0.63059
0.77678	0.26334	0.90555	0.29446	0.47765	-0.98742	-1.35755	-1.41911	-1.30814	-0.64722
0.79444	0.26712	0.92857	0.30620	0.49021	-0.99617	-1.34506	-1.44270	-1.31939	-0.66458
0.81193	0.27135	0.95146	0.31830	0.50352	-1.00492	-1.33240	-1.46608	-1.33068	-0.68259
0.82926	0.27606	0.97425	0.33075	0.51760	-1.01362	-1.31966	-1.48916	-1.34203	-0.70116
0.84642	0.28123	0.99699	0.34353	0.53241	-1.02226	-1.30693	-1.51183	-1.35343	-0.72017
0.86341	0.28686	1.01969	0.35663	0.54794	-1.03080	-1.29431	-1.53400	-1.36489	-0.73950
0.88023	0.29293	1.04238	0.36998	0.56415	-1.03925	-1.28188	-1.55556	-1.37638	-0.75904
0.89688	0.29942	1.06508	0.38355	0.58100	-1.04758	-1.26972	-1.57643	-1.38788	-0.77863
0.91337	0.30631	1.08780	0.39726	0.59844	-1.05580	-1.25794	-1.59649	-1.39935	-0.79816
0.92968	0.31358	1.11053	0.41104	0.61639	-1.06392	-1.24660	-1.61566	-1.41075	-0.81749
0.94579	0.32118	1.13325	0.42479	0.63480	-1.07195	-1.23578	-1.63384	-1.42201	-0.83648
0.96169	0.32911	1.15593	0.43842	0.65357	-1.07992	-1.22555	-1.65090	-1.43306	-0.85500
0.97734	0.33731	1.17852	0.45185	0.67262	-1.08785	-1.21595	-1.66677	-1.44381	-0.87293
0.99270	0.34575	1.20097	0.46497	0.69185	-1.09576	-1.20705	-1.68132	-1.45420	-0.89013
1.00770	0.35440	1.22319	0.47767	0.71118	-1.10365	-1.19887	-1.69449	-1.46412	-0.90650
1.02229	0.36322	1.24512	0.48986	0.73050	-1.11153	-1.19144	-1.70619	-1.47351	-0.92194
1.03638	0.37217	1.26667	0.50144	0.74972	-1.11938	-1.18479	-1.71636	-1.48226	-0.93635
1.04991	0.38121	1.28773	0.51233	0.76873	-1.12719	-1.17892	-1.72497	-1.49028	-0.94966
1.06277	0.39031	1.30821	0.52243	0.78744	-1.13493	-1.17385	-1.73199	-1.49748	-0.96183
1.07491	0.39941	1.32800	0.53170	0.80574	-1.14257	-1.16957	-1.73740	-1.50375	-0.97280
1.08623	0.40849	1.34699	0.54006	0.82353	-1.15010	-1.16610	-1.74122	-1.50900	-0.98254
1.09668	0.41748	1.36505	0.54749	0.84074	-1.15748	-1.16342	-1.74345	-1.51315	-0.99104
1.10617	0.42633	1.38206	0.55398	0.85727	-1.16471	-1.16155	-1.74408	-1.51611	-0.99827
1.11466	0.43500	1.39793	0.55950	0.87303	-1.17175	-1.16047	-1.74314	-1.51781	-1.00423
1.12211	0.44344	1.41254	0.56409	0.88791	-1.17859	-1.16016	-1.74063	-1.51817	-1.00887
1.12846	0.45160	1.42583	0.56775	0.90182	-1.18520	-1.16058	-1.73656	-1.51714	-1.01216
1.13368	0.45942	1.43772	0.57053	0.91468	-1.19156	-1.16170	-1.73096	-1.51467	-1.01404
1.13773	0.46684	1.44815	0.57246	0.92639	-1.19765	-1.16344	-1.72384	-1.51074	-1.01446
1.14058	0.47382	1.45708	0.57357	0.93688	-1.20344	-1.16576	-1.71524	-1.50533	-1.01335
1.14220	0.48030	1.46447	0.57390	0.94609	-1.20890	-1.16857	-1.70519	-1.49845	-1.01066
1.14256	0.48622	1.47028	0.57347	0.95397	-1.21401	-1.17180	-1.69372	-1.49011	-1.00635
1.14168	0.49153	1.47451	0.57231	0.96047	-1.21871	-1.17540	-1.68088	-1.48036	-1.00044
1.13956	0.49621	1.47713	0.57044	0.96557	-1.22297	-1.17929	-1.66671	-1.46922	-0.99293
1.13623	0.50021	1.47814	0.56786	0.96923	-1.22676	-1.18339	-1.65125	-1.45678	-0.98388
1.13172	0.50353	1.47754	0.56460	0.97145	-1.23001	-1.18762	-1.63456	-1.44310	-0.97336
1.12606	0.50614	1.47536	0.56068	0.97221	-1.23267	-1.19191	-1.61667	-1.42826	-0.96147
1.11931	0.50806	1.47163	0.55610	0.97151	-1.23470	-1.19618	-1.59764	-1.41235	-0.94830
1.11148	0.50927	1.46637	0.55089	0.96936	-1.23603	-1.20034	-1.57751	-1.39543	-0.93395
1.10262	0.50981	1.45964	0.54508	0.96576	-1.23661	-1.20432	-1.55633	-1.37758	-0.91852
1.09277	0.50967	1.45150	0.53868	0.96075	-1.23641	-1.20804	-1.53416	-1.35885	-0.90211
1.08197	0.50889	1.44199	0.53173	0.95436	-1.23538	-1.21141	-1.51105	-1.33928	-0.88484
1.07027	0.50748	1.43118	0.52426	0.94663	-1.23351	-1.21436	-1.48706	-1.31892	-0.86679
1.05774	0.50549	1.41912	0.51633	0.93764	-1.23078	-1.21682	-1.46225	-1.29778	-0.84810
1.04444	0.50293	1.40586	0.50800	0.92747	-1.22720	-1.21871	-1.43668	-1.27590	-0.82888
1.03046	0.49983	1.39147	0.49932	0.91621	-1.22276	-1.21999	-1.41040	-1.25330	-0.80925
1.01590	0.49621	1.37599	0.49037	0.90397	-1.21749	-1.22059	-1.38348	-1.23004	-0.78933
1.00083	0.49209	1.35950	0.48120	0.89086	-1.21140	-1.22046	-1.35597	-1.20614	-0.76925
0.98538	0.48748	1.34207	0.47190	0.87702	-1.20453	-1.21956	-1.32793	-1.18165	-0.74913
0.96963	0.48241	1.32377	0.46252	0.86255	-1.19691	-1.21785	-1.29942	-1.15662	-0.72911
0.95369	0.47689	1.30469	0.45313	0.84757	-1.18856	-1.21529	-1.27051	-1.13112	-0.70930
0.93766	0.47096	1.28493	0.44379	0.83220	-1.17952	-1.21186	-1.24126	-1.10521	-0.68979
0.92161	0.46463	1.26458	0.43456	0.81656	-1.16980	-1.20755	-1.21172	-1.07896	-0.67067
0.90563	0.45794	1.24374	0.42551	0.80074	-1.15944	-1.20236	-1.18197	-1.05243	-0.65200
0.88980	0.45091	1.22254	0.41666	0.78484	-1.14846	-1.19631	-1.15206	-1.02570	-0.63385
0.87415	0.44358	1.20110	0.40808	0.76894	-1.13689	-1.18943	-1.12207	-0.99882	-0.61625
0.85877	0.43597	1.17954	0.39977	0.75312	-1.12476	-1.18175	-1.09206	-0.97189	-0.59921
0.84368	0.42810	1.15799	0.39174	0.73743	-1.11212	-1.17334	-1.06209	-0.94498	-0.58276
0.82894	0.41998	1.13655	0.38399	0.72192	-1.09899	-1.16423	-1.03223	-0.91817	-0.56689
0.81458	0.41161	1.11532	0.37652	0.70663	-1.08543	-1.15448	-1.00253	-0.89152	-0.55163
0.80063	0.40300	1.09439	0.36930	0.69159	-1.07145	-1.14415	-0.97307	-0.86511	-0.53696
0.78712	0.39415	1.07383	0.36233	0.67684	-1.05711	-1.13329	-0.94390	-0.83899	-0.52290
0.77406	0.38508	1.05369	0.35557	0.66239	-1.04242	-1.12196	-0.91508	-0.81319	-0.50944
0.76146	0.37580	1.03400	0.34902	0.64830	-1.02743	-1.11018	-0.88663	-0.78775	-0.49656
0.74931	0.36632	1.01478	0.34266	0.63459	-1.01217	-1.09801	-0.85860	-0.76266	-0.48425
0.73760	0.35666	0.99607	0.33647	0.62129	-0.99668	-1.08547	-0.83103	-0.73795	-0.47247
0.72632	0.34686	0.97785	0.33045	0.60846	-0.98100	-1.07259	-0.80392	-0.71361	-0.46117
0.71543	0.33693	0.96015	0.32459	0.59612	-0.96518	-1.05940	-0.77732	-0.68964	-0.45033
0.70489	0.32692	0.94295	0.31889	0.58431	-0.94927	-1.04589	-0.75123	-0.66606	-0.43989
0.69469	0.31685	0.92625	0.31335	0.57307	-0.93330	-1.03210	-0.72569	-0.64287	-0.42981
0.68477	0.30674	0.91005	0.30798	0.56243	-0.91731	-1.01803	-0.70071	-0.62009	-0.42005
0.67510	0.29662	0.89435	0.30279	0.55242	-0.90133	-1.00369	-0.67632	-0.59774	-0.41056
0.66565	0.28653	0.87913	0.29777	0.54305	-0.88537	-0.98909	-0.65253	-0.57585	-0.40132
0.65640	0.27647	0.86437	0.29295	0.53433	-0.86945	-0.97425	-0.62937	-0.55444	-0.39229
0.64730	0.26647	0.85006	0.28832	0.52625	-0.85357	-0.95916	-0.60684	-0.53355	-0.38344
0.63835	0.25657	0.83619	0.28389	0.51878	-0.83772	-0.94383	-0.58493	-0.51321	-0.37474
0.62950	0.24680	0.82274	0.27964	0.51190	-0.82189	-0.92826	-0.56363	-0.49345	-0.36617
0.62076	0.23718	0.80970	0.27556	0.50557	-0.80607	-0.91246	-0.54294	-0.47429	-0.35769
0.61210	0.22778	0.79707	0.27164	0.49973	-0.79028	-0.89641	-0.52284	-0.45576	-0.34928
0.60351	0.21863	0.78484	0.26785	0.49433	-0.77450	-0.88014	-0.50330	-0.43786	-0.34092
0.59497	0.20979	0.77301	0.26416	0.48932	-0.75875	-0.86363	-0.48431	-0.42063	-0.33261
0.58648	0.20130	0.76158	0.26055	0.48464	-0.74304	-0.84691	-0.46585	-0.40405	-0.32432
0.57801	0.19323	0.75056	0.25700	0.48022	-0.72738	-0.82999	-0.44787	-0.38814	-0.31603
0.56958	0.18561	0.73994	0.25347	0.47599	-0.71177	-0.81287	-0.43035	-0.37287	-0.30772
0.56117	0.17848	0.72972	0.24995	0.47189	-0.69625	-0.79557	-0.41326	-0.35824	-0.29938
0.55278	0.17188	0.71991	0.24640	0.46783	-0.68083	-0.77812	-0.39656	-0.34422	-0.29097
0.54441	0.16583	0.71050	0.24283	0.46375	-0.66555	-0.76054	-0.38022	-0.33077	-0.28249
0.53608	0.16034	0.70148	0.23920	0.45956	-0.65044	-0.74287	-0.36422	-0.31785	-0.27391
0.52780	0.15542	0.69284	0.23552	0.45519	-0.63552	-0.72513	-0.34851	-0.30542	-0.26524
0.51960	0.15106	0.68455	0.23179	0.45056	-0.62084	-0.70735	-0.33310	-0.29340	-0.25647
0.51151	0.14727	0.67659	0.22798	0.44562	-0.60640	-0.68957	-0.31794	-0.28175	-0.24762
0.50355	0.14404	0.66891	0.22409	0.44029	-0.59223	-0.67181	-0.30305	-0.27040	-0.23872
0.49574	0.14134	0.66146	0.22012	0.43454	-0.57832	-0.65411	-0.28840	-0.25930	-0.22978
0.48812	0.13917	0.65419	0.21606	0.42832	-0.56467	-0.63651	-0.27399	-0.24838	-0.22084
0.48068	0.13748	0.64705	0.21188	0.42160	-0.55127	-0.61905	-0.25984	-0.23760	-0.21193
0.47344	0.13622	0.63997	0.20760	0.41436	-0.53809	-0.60179	-0.24592	-0.22691	-0.20307
0.46639	0.13535	0.63291	0.20319	0.40660	-0.52512	-0.58477	-0.23226	-0.21626	-0.19429
0.45950	0.13477	0.62580	0.19867	0.39832	-0.51233	-0.56806	-0.21884	-0.20561	-0.18560
0.45275	0.13442	0.61862	0.19404	0.38955	-0.49972	-0.55172	-0.20569	-0.19493	-0.17702
0.44609	0.13421	0.61131	0.18931	0.38033	-0.48727	-0.53578	-0.19279	-0.18417	-0.16855
0.43948	0.13406	0.60386	0.18453	0.37070	-0.47498	-0.52030	-0.18015	-0.17333	-0.16020
0.43286	0.13392	0.59625	0.17970	0.36070	-0.46284	-0.50531	-0.16776	-0.16237	-0.15196
0.42618	0.13371	0.58847	0.17487	0.35040	-0.45087	-0.49084	-0.15560	-0.15129	-0.14382
0.41940	0.13338	0.58051	0.17006	0.33986	-0.43906	-0.47692	-0.14367	-0.14008	-0.13576
0.41245	0.13288	0.57237	0.16528	0.32915	-0.42743	-0.46357	-0.13195	-0.12874	-0.12780
0.40531	0.13216	0.56407	0.16055	0.31832	-0.41598	-0.45081	-0.12041	-0.11729	-0.11992
0.39795	0.13119	0.55561	0.15589	0.30745	-0.40473	-0.43864	-0.10902	-0.10576	-0.11214
0.39034	0.12994	0.54701	0.15133	0.29661	-0.39370	-0.42708	-0.09775	-0.09416	-0.10446
0.38248	0.12840	0.53829	0.14687	0.28588	-0.38291	-0.41613	-0.08659	-0.08252	-0.09688
0.37437	0.12657	0.52947	0.14254	0.27535	-0.37239	-0.40578	-0.07551	-0.07088	-0.08942
0.36602	0.12445	0.52057	0.13836	0.26510	-0.36215	-0.39602	-0.06450	-0.05929	-0.08208
0.35744	0.12208	0.51161	0.13432	0.25521	-0.35221	-0.38683	-0.05357	-0.04779	-0.07488
0.34868	0.11946	0.50264	0.13044	0.24578	-0.34256	-0.37817	-0.04272	-0.03643	-0.06786
0.33976	0.11663	0.49369	0.12670	0.23688	-0.33321	-0.37001	-0.03199	-0.02527	-0.06103
0.33072	0.11360	0.48480	0.12311	0.22859	-0.32414	-0.36231	-0.02139	-0.01436	-0.05445
0.32161	0.11041	0.47601	0.11967	0.22098	-0.31534	-0.35503	-0.01096	-0.00375	-0.04813
0.31246	0.10709	0.46733	0.11636	0.21411	-0.30680	-0.34811	-0.00076	0.00651	-0.04213
0.30331	0.10363	0.45880	0.11319	0.20803	-0.29852	-0.34151	0.00917	0.01640	-0.03648
0.29420	0.10007	0.45043	0.11014	0.20275	-0.29049	-0.33518	0.01877	0.02587	-0.03120
0.28519	0.09639	0.44224	0.10719	0.19831	-0.28269	-0.32908	0.02797	0.03489	-0.02632
0.27630	0.09260	0.43425	0.10435	0.19469	-0.27512	-0.32317	0.03671	0.04341	-0.02184
0.26759	0.08866	0.42647	0.10159	0.19188	-0.26778	-0.31740	0.04494	0.05142	-0.01777
0.25909	0.08455	0.41892	0.09889	0.18985	-0.26067	-0.31176	0.05261	0.05887	-0.01409
0.25084	0.08026	0.41159	0.09625	0.18855	-0.25381	-0.30620	0.05968	0.06573	-0.01078
0.24287	0.07579	0.40448	0.09364	0.18791	-0.24721	-0.30075	0.06613	0.07199	-0.00781
0.23520	0.07115	0.39757	0.09105	0.18783	-0.24088	-0.29539	0.07196	0.07763	-0.00515
0.22782	0.06637	0.39084	0.08849	0.18823	-0.23483	-0.29013	0.07717	0.08265	-0.00276
0.22075	0.06150	0.38428	0.08594	0.18898	-0.22908	-0.28499	0.08176	0.08704	-0.00060
0.21397	0.05656	0.37784	0.08342	0.18997	-0.22361	-0.27998	0.08577	0.09085	0.00138
0.20747	0.05162	0.37150	0.08096	0.19108	-0.21841	-0.27510	0.08921	0.09410	0.00320
0.20127	0.04673	0.36522	0.07856	0.19220	-0.21348	-0.27035	0.09212	0.09684	0.00490
0.19536	0.04195	0.35897	0.07626	0.19323	-0.20876	-0.26571	0.09452	0.09914	0.00649
0.18976	0.03733	0.35273	0.07407	0.19408	-0.20425	-0.26117	0.09644	0.10108	0.00800
0.18448	0.03292	0.34646	0.07201	0.19469	-0.19990	-0.25667	0.09791	0.10272	0.00942
0.17951	0.02876	0.34013	0.07010	0.19500	-0.19569	-0.25219	0.09896	0.10414	0.01076
0.17488	0.02489	0.33373	0.06833	0.19496	-0.19160	-0.24768	0.09963	0.10542	0.01199
0.17057	0.02135	0.32723	0.06670	0.19457	-0.18761	-0.24310	0.09994	0.10661	0.01311
0.16658	0.01815	0.32063	0.06521	0.19378	-0.18373	-0.23842	0.09994	0.10778	0.01410
0.16290	0.01531	0.31391	0.06384	0.19260	-0.17995	-0.23361	0.09966	0.10895	0.01496
0.15953	0.01285	0.30710	0.06259	0.19100	-0.17628	-0.22868	0.09915	0.11016	0.01567
0.15643	0.01079	0.30022	0.06144	0.18900	-0.17273	-0.22361	0.09848	0.11142	0.01626
0.15358	0.00912	0.29329	0.06040	0.18659	-0.16933	-0.21843	0.09769	0.11274	0.01672
0.15097	0.00786	0.28635	0.05944	0.18381	-0.16608	-0.21314	0.09686	0.11415	0.01706
0.14859	0.00702	0.27945	0.05857	0.18067	-0.16301	-0.20778	0.09606	0.11566	0.01729
0.14640	0.00661	0.27262	0.05779	0.17722	-0.16013	-0.20238	0.09536	0.11728	0.01740
0.14441	0.00663	0.26592	0.05710	0.17351	-0.15744	-0.19699	0.09481	0.11902	0.01739
0.14257	0.00710	0.25940	0.05649	0.16960	-0.15494	-0.19166	0.09449	0.12091	0.01728
0.14088	0.00801	0.25309	0.05599	0.16554	-0.15261	-0.18644	0.09445	0.12295	0.01706
0.13930	0.00935	0.24704	0.05557	0.16138	-0.15043	-0.18140	0.09473	0.12513	0.01676
0.13780	0.01112	0.24127	0.05525	0.15717	-0.14839	-0.17660	0.09537	0.12745	0.01639
0.13635	0.01328	0.23581	0.05501	0.15295	-0.14646	-0.17210	0.09637	0.12987	0.01598
0.13492	0.01581	0.23067	0.05484	0.14875	-0.14463	-0.16795	0.09774	0.13239	0.01557
0.13348	0.01867	0.22587	0.05474	0.14459	-0.14287	-0.16418	0.09947	0.13496	0.01519
0.13202	0.02185	0.22142	0.05469	0.14048	-0.14118	-0.16081	0.10154	0.13756	0.01488
0.13050	0.02530	0.21731	0.05467	0.13644	-0.13952	-0.15786	0.10394	0.14014	0.01468
0.12894	0.02902	0.21355	0.05468	0.13246	-0.13789	-0.15531	0.10663	0.14267	0.01463
0.12731	0.03296	0.21013	0.05469	0.12855	-0.13626	-0.15314	0.10961	0.14509	0.01476
0.12561	0.03711	0.20705	0.05468	0.12470	-0.13460	-0.15132	0.11285	0.14738	0.01510
0.12385	0.04142	0.20431	0.05464	0.12092	-0.13290	-0.14980	0.11635	0.14952	0.01565
0.12203	0.04586	0.20188	0.05453	0.11719	-0.13112	-0.14854	0.12010	0.15148	0.01644
0.12015	0.05037	0.19977	0.05433	0.11351	-0.12925	-0.14749	0.12408	0.15325	0.01744
0.11821	0.05492	0.19795	0.05402	0.10988	-0.12726	-0.14659	0.12829	0.15483	0.01867
0.11623	0.05947	0.19641	0.05358	0.10627	-0.12514	-0.14580	0.13272	0.15621	0.02011
0.11421	0.06398	0.19511	0.05300	0.10267	-0.12285	-0.14507	0.13736	0.15738	0.02174
0.11217	0.06842	0.19403	0.05226	0.09905	-0.12040	-0.14433	0.14221	0.15835	0.02357
0.11013	0.07278	0.19315	0.05136	0.09539	-0.11778	-0.14356	0.14727	0.15912	0.02559
0.10812	0.07705	0.19245	0.05030	0.09168	-0.11499	-0.14268	0.15255	0.15969	0.02780
0.10614	0.08119	0.19191	0.04908	0.08790	-0.11204	-0.14167	0.15805	0.16005	0.03017
0.10421	0.08521	0.19153	0.04769	0.08403	-0.10893	-0.14046	0.16378	0.16022	0.03272
0.10235	0.08909	0.19128	0.04614	0.08006	-0.10567	-0.13902	0.16972	0.16020	0.03542
0.10057	0.09280	0.19118	0.04442	0.07595	-0.10226	-0.13732	0.17588	0.16003	0.03829
0.09888	0.09632	0.19121	0.04253	0.07171	-0.09870	-0.13535	0.18224	0.15973	0.04132
0.09729	0.09962	0.19137	0.04047	0.06730	-0.09501	-0.13308	0.18877	0.15933	0.04451
0.09582	0.10269	0.19163	0.03823	0.06274	-0.09118	-0.13054	0.19545	0.15888	0.04787
0.09448	0.10547	0.19197	0.03581	0.05802	-0.08720	-0.12774	0.20225	0.15844	0.05140
0.09329	0.10794	0.19236	0.03321	0.05317	-0.08308	-0.12471	0.20913	0.15805	0.05512
0.09227	0.11006	0.19276	0.03047	0.04821	-0.07881	-0.12146	0.21605	0.15778	0.05905
0.09142	0.11178	0.19316	0.02760	0.04316	-0.07439	-0.11806	0.22296	0.15766	0.06320
0.09077	0.11308	0.19355	0.02465	0.03807	-0.06983	-0.11453	0.22980	0.15777	0.06759
0.09029	0.11393	0.19391	0.02167	0.03295	-0.06517	-0.11091	0.23653	0.15812	0.07225
0.08998	0.11434	0.19423	0.01871	0.02783	-0.06040	-0.10725	0.24310	0.15876	0.07719
0.08981	0.11433	0.19453	0.01582	0.02274	-0.05555	-0.10357	0.24946	0.15972	0.08242
0.08974	0.11391	0.19480	0.01305	0.01770	-0.05061	-0.09990	0.25559	0.16105	0.08795
0.08975	0.11313	0.19502	0.01043	0.01275	-0.04559	-0.09625	0.26147	0.16277	0.09377
0.08979	0.11203	0.19520	0.00798	0.00789	-0.04051	-0.09266	0.26709	0.16491	0.09986
0.08983	0.11067	0.19532	0.00571	0.00317	-0.03537	-0.08914	0.27245	0.16751	0.10619
0.08984	0.10907	0.19539	0.00364	-0.00142	-0.03017	-0.08572	0.27755	0.17057	0.11273
0.08980	0.10730	0.19539	0.00176	-0.00586	-0.02493	-0.08244	0.28242	0.17411	0.11944
0.08967	0.10538	0.19533	0.00007	-0.01016	-0.01964	-0.07934	0.28705	0.17815	0.12628
0.08946	0.10334	0.19520	-0.00143	-0.01431	-0.01431	-0.07645	0.29147	0.18266	0.13320
0.08916	0.10119	0.19499	-0.00272	-0.01833	-0.00892	-0.07379	0.29572	0.18766	0.14015
0.08878	0.09896	0.19469	-0.00382	-0.02218	-0.00347	-0.07138	0.29981	0.19313	0.14709
0.08831	0.09663	0.19427	-0.00469	-0.02588	0.00208	-0.06925	0.30380	0.19904	0.15397
0.08776	0.09422	0.19370	-0.00534	-0.02940	0.00772	-0.06738	0.30773	0.20540	0.16074
0.08713	0.09173	0.19296	-0.00576	-0.03274	0.01350	-0.06578	0.31165	0.21217	0.16735
0.08639	0.08914	0.19201	-0.00594	-0.03588	0.01940	-0.06444	0.31561	0.21933	0.17376
0.08553	0.08646	0.19080	-0.00589	-0.03881	0.02543	-0.06334	0.31966	0.22688	0.17993
0.08450	0.08369	0.18930	-0.00560	-0.04154	0.03159	-0.06245	0.32386	0.23477	0.18581
0.08326	0.08083	0.18748	-0.00507	-0.04409	0.03786	-0.06176	0.32823	0.24297	0.19139
0.08175	0.07787	0.18531	-0.00433	-0.04646	0.04423	-0.06125	0.33282	0.25143	0.19663
0.07996	0.07483	0.18278	-0.00338	-0.04869	0.05069	-0.06086	0.33763	0.26009	0.20152
0.07785	0.07171	0.17991	-0.00225	-0.05081	0.05720	-0.06057	0.34268	0.26888	0.20604
0.07541	0.06855	0.17672	-0.00094	-0.05284	0.06376	-0.06032	0.34796	0.27774	0.21017
0.07267	0.06533	0.17324	0.00051	-0.05483	0.07035	-0.06005	0.35343	0.28659	0.21390
0.06964	0.06209	0.16953	0.00210	-0.05679	0.07694	-0.05968	0.35907	0.29536	0.21724
0.06639	0.05881	0.16564	0.00379	-0.05875	0.08353	-0.05912	0.36482	0.30397	0.22019
0.06297	0.05550	0.16164	0.00559	-0.06072	0.09010	-0.05830	0.37063	0.31236	0.22274
0.05948	0.05215	0.15759	0.00746	-0.06271	0.09665	-0.05712	0.37646	0.32046	0.22491
0.05602	0.04874	0.15355	0.00941	-0.06471	0.10315	-0.05547	0.38224	0.32823	0.22670
0.05266	0.04527	0.14960	0.01143	-0.06670	0.10961	-0.05327	0.38793	0.33562	0.22812
0.04951	0.04174	0.14580	0.01350	-0.06867	0.11601	-0.05044	0.39348	0.34263	0.22919
0.04663	0.03817	0.14218	0.01562	-0.07058	0.12234	-0.04692	0.39885	0.34923	0.22993
0.04409	0.03460	0.13880	0.01778	-0.07241	0.12858	-0.04266	0.40403	0.35542	0.23038
0.04193	0.03105	0.13570	0.01997	-0.07412	0.13474	-0.03765	0.40899	0.36122	0.23059
0.04016	0.02760	0.13290	0.02217	-0.07567	0.14081	-0.03188	0.41372	0.36666	0.23063
0.03880	0.02428	0.13040	0.02433	-0.07703	0.14677	-0.02535	0.41824	0.37175	0.23053
0.03781	0.02116	0.12823	0.02644	-0.07817	0.15263	-0.01807	0.42254	0.37654	0.23038
0.03718	0.01830	0.12636	0.02844	-0.07907	0.15837	-0.01005	0.42666	0.38108	0.23024
0.03686	0.01576	0.12478	0.03030	-0.07972	0.16399	-0.00133	0.43059	0.38541	0.23017
0.03680	0.01359	0.12346	0.03198	-0.08012	0.16948	0.00809	0.43438	0.38961	0.23023
0.03697	0.01185	0.12237	0.03345	-0.08027	0.17483	0.01819	0.43803	0.39375	0.23049
0.03731	0.01055	0.12147	0.03470	-0.08019	0.18003	0.02893	0.44156	0.39788	0.23101
0.03779	0.00973	0.12075	0.03570	-0.07990	0.18506	0.04031	0.44499	0.40207	0.23183
0.03838	0.00941	0.12017	0.03646	-0.07944	0.18991	0.05228	0.44832	0.40639	0.23301
0.03904	0.00958	0.11973	0.03698	-0.07884	0.19456	0.06482	0.45156	0.41087	0.23458
0.03973	0.01025	0.11943	0.03726	-0.07813	0.19899	0.07789	0.45470	0.41555	0.23656
0.04045	0.01140	0.11928	0.03731	-0.07736	0.20320	0.09144	0.45776	0.42045	0.23897
0.04114	0.01301	0.11930	0.03715	-0.07657	0.20716	0.10542	0.46071	0.42557	0.24181
0.04180	0.01504	0.11952	0.03677	-0.07578	0.21087	0.11978	0.46355	0.43089	0.24508
0.04239	0.01748	0.11995	0.03620	-0.07503	0.21433	0.13446	0.46626	0.43640	0.24879
0.04290	0.02028	0.12063	0.03547	-0.07436	0.21757	0.14941	0.46881	0.44204	0.25292
0.04330	0.02341	0.12156	0.03462	-0.07380	0.22062	0.16458	0.47117	0.44776	0.25745
0.04359	0.02683	0.12276	0.03367	-0.07340	0.22351	0.17993	0.47332	0.45350	0.26238
0.04376	0.03050	0.12421	0.03269	-0.07321	0.22631	0.19540	0.47521	0.45919	0.26768
0.04380	0.03440	0.12592	0.03170	-0.07326	0.22905	0.21099	0.47683	0.46478	0.27331
0.04371	0.03849	0.12783	0.03076	-0.07360	0.23180	0.22667	0.47815	0.47019	0.27927
0.04349	0.04276	0.12993	0.02990	-0.07428	0.23461	0.24242	0.47915	0.47539	0.28551
0.04313	0.04718	0.13215	0.02917	-0.07534	0.23750	0.25823	0.47981	0.48033	0.29202
0.04266	0.05174	0.13446	0.02861	-0.07679	0.24053	0.27409	0.48012	0.48497	0.29877
0.04207	0.05643	0.13680	0.02824	-0.07868	0.24372	0.28998	0.48006	0.48927	0.30571
0.04139	0.06124	0.13912	0.02812	-0.08100	0.24708	0.30585	0.47963	0.49321	0.31283
0.04065	0.06614	0.14137	0.02827	-0.08374	0.25064	0.32167	0.47881	0.49675	0.32006
0.03986	0.07113	0.14352	0.02873	-0.08690	0.25441	0.33736	0.47760	0.49986	0.32737
0.03906	0.07617	0.14555	0.02956	-0.09042	0.25840	0.35286	0.47600	0.50252	0.33470
0.03826	0.08128	0.14744	0.03077	-0.09426	0.26262	0.36807	0.47400	0.50471	0.34202
0.03750	0.08643	0.14920	0.03242	-0.09832	0.26711	0.38291	0.47162	0.50644	0.34929
0.03679	0.09165	0.15086	0.03452	-0.10250	0.27190	0.39725	0.46889	0.50773	0.35647
0.03616	0.09696	0.15244	0.03710	-0.10667	0.27701	0.41095	0.46587	0.50863	0.36356
0.03561	0.10240	0.15402	0.04018	-0.11068	0.28250	0.42381	0.46265	0.50922	0.37056
0.03514	0.10802	0.15568	0.04376	-0.11434	0.28842	0.43561	0.45939	0.50960	0.37751
0.03474	0.11391	0.15753	0.04785	-0.11745	0.29481	0.44606	0.45627	0.50990	0.38446
0.03440	0.12016	0.15970	0.05245	-0.11980	0.30169	0.45487	0.45354	0.51030	0.39151
0.03410	0.12683	0.16234	0.05754	-0.12114	0.30908	0.46169	0.45146	0.51096	0.39873
0.03383	0.13402	0.16559	0.06312	-0.12126	0.31697	0.46614	0.45034	0.51208	0.40625
0.03357	0.14180	0.16959	0.06916	-0.11992	0.32532	0.46785	0.45051	0.51385	0.41416
0.03331	0.15023	0.17449	0.07565	-0.11690	0.33406	0.46644	0.45230	0.51647	0.42259
0.03304	0.15935	0.18038	0.08257	-0.11200	0.34313	0.46156	0.45602	0.52013	0.43164
0.03277	0.16918	0.18738	0.08991	-0.10505	0.35243	0.45288	0.46197	0.52497	0.44141
0.03249	0.17972	0.19553	0.09762	-0.09589	0.36182	0.44011	0.47042	0.53111	0.45196
0.03220	0.19094	0.20489	0.10569	-0.08443	0.37120	0.42303	0.48156	0.53866	0.46332
0.03192	0.20279	0.21546	0.11407	-0.07059	0.38041	0.40149	0.49555	0.54766	0.47551
0.03166	0.21522	0.22721	0.12273	-0.05436	0.38933	0.37541	0.51249	0.55812	0.48851
0.03142	0.22813	0.24008	0.13161	-0.03579	0.39779	0.34481	0.53240	0.57005	0.50225
0.03122	0.24144	0.25397	0.14066	-0.01496	0.40566	0.30979	0.55524	0.58338	0.51667
0.03107	0.25504	0.26877	0.14981	0.00798	0.41278	0.27052	0.58092	0.59806	0.53167
0.03098	0.26879	0.28431	0.15899	0.03284	0.41903	0.22726	0.60928	0.61399	0.54715
0.03096	0.28255	0.30042	0.16813	0.05938	0.42426	0.18033	0.64011	0.63108	0.56300
0.03101	0.29619	0.31691	0.17718	0.08733	0.42836	0.13013	0.67314	0.64922	0.57909
0.03114	0.30954	0.33355	0.18606	0.11638	0.43124	0.07708	0.70808	0.66827	0.59529
0.03135	0.32247	0.35016	0.19470	0.14622	0.43279	0.02167	0.74458	0.68809	0.61147
0.03166	0.33484	0.36652	0.20305	0.17650	0.43295	-0.03559	0.78227	0.70851	0.62747
0.03205	0.34651	0.38244	0.21102	0.20689	0.43165	-0.09418	0.82078	0.72938	0.64317
0.03255	0.35735	0.39774	0.21856	0.23705	0.42886	-0.15355	0.85971	0.75049	0.65842
0.03315	0.36725	0.41225	0.22562	0.26667	0.42455	-0.21316	0.89867	0.77167	0.67306
0.03386	0.37612	0.42581	0.23214	0.29547	0.41871	-0.27247	0.93728	0.79273	0.68697
0.03468	0.38387	0.43831	0.23808	0.32319	0.41135	-0.33094	0.97518	0.81346	0.69999
0.03559	0.39044	0.44965	0.24342	0.34958	0.40252	-0.38808	1.01203	0.83368	0.71200
0.03655	0.39576	0.45973	0.24813	0.37446	0.39227	-0.44341	1.04750	0.85322	0.72288
0.03753	0.39981	0.46850	0.25220	0.39765	0.38068	-0.49650	1.08131	0.87190	0.73252
0.03849	0.40254	0.47590	0.25561	0.41901	0.36784	-0.54692	1.11321	0.88957	0.74079
0.03938	0.40395	0.48192	0.25838	0.43841	0.35386	-0.59432	1.14297	0.90608	0.74761
0.04014	0.40403	0.48655	0.26053	0.45575	0.33885	-0.63834	1.17042	0.92132	0.75289
0.04074	0.40279	0.48983	0.26208	0.47094	0.32294	-0.67869	1.19539	0.93517	0.75655
0.04113	0.40024	0.49178	0.26308	0.48393	0.30626	-0.71512	1.21776	0.94754	0.75854
0.04125	0.39642	0.49247	0.26358	0.49467	0.28894	-0.74742	1.23744	0.95836	0.75883
0.04109	0.39137	0.49198	0.26362	0.50316	0.27114	-0.77544	1.25435	0.96754	0.75739
0.04062	0.38514	0.49039	0.26327	0.50937	0.25298	-0.79906	1.26846	0.97502	0.75425
0.03982	0.37779	0.48782	0.26258	0.51335	0.23462	-0.81825	1.27975	0.98077	0.74941
0.03872	0.36939	0.48436	0.26161	0.51512	0.21620	-0.83297	1.28826	0.98472	0.74292
0.03731	0.36003	0.48012	0.26042	0.51474	0.19785	-0.84330	1.29402	0.98686	0.73484
0.03563	0.34978	0.47517	0.25907	0.51229	0.17969	-0.84930	1.29711	0.98717	0.72524
0.03369	0.33874	0.46962	0.25762	0.50786	0.16185	-0.85112	1.29758	0.98564	0.71421
0.03150	0.32700	0.46353	0.25613	0.50152	0.14440	-0.84894	1.29556	0.98230	0.70188
0.02909	0.31466	0.45696	0.25467	0.49339	0.12744	-0.84294	1.29114	0.97719	0.68833
0.02646	0.30180	0.44998	0.25329	0.48356	0.11103	-0.83336	1.28445	0.97036	0.67370
0.02360	0.28852	0.44263	0.25204	0.47215	0.09521	-0.82045	1.27564	0.96187	0.65811
0.02052	0.27490	0.43493	0.25095	0.45927	0.08003	-0.80446	1.26484	0.95182	0.64168
0.01723	0.26102	0.42692	0.25005	0.44505	0.06550	-0.78568	1.25221	0.94030	0.62454
0.01374	0.24697	0.41861	0.24935	0.42963	0.05164	-0.76439	1.23790	0.92743	0.60682
0.01006	0.23282	0.41001	0.24884	0.41314	0.03847	-0.74087	1.22206	0.91330	0.58864
0.00622	0.21865	0.40113	0.24850	0.39574	0.02600	-0.71541	1.20485	0.89804	0.57014
0.00226	0.20455	0.39200	0.24829	0.37759	0.01424	-0.68832	1.18642	0.88175	0.55142
-0.00180	0.19059	0.38262	0.24816	0.35883	0.00323	-0.65989	1.16690	0.86456	0.53259
-0.00590	0.17684	0.37302	0.24804	0.33965	-0.00702	-0.63041	1.14645	0.84657	0.51376
-0.00999	0.16336	0.36325	0.24787	0.32021	-0.01648	-0.60018	1.12519	0.82789	0.49502
-0.01403	0.15022	0.35334	0.24759	0.30069	-0.02512	-0.56945	1.10325	0.80866	0.47648
-0.01797	0.13750	0.34333	0.24715	0.28123	-0.03289	-0.53848	1.08075	0.78898	0.45821
-0.02179	0.12524	0.33327	0.24650	0.26199	-0.03978	-0.50751	1.05783	0.76900	0.44030
-0.02548	0.11350	0.32321	0.24559	0.24311	-0.04575	-0.47674	1.03458	0.74885	0.42283
-0.02905	0.10235	0.31317	0.24440	0.22471	-0.05079	-0.44638	1.01115	0.72867	0.40587
-0.03252	0.09181	0.30318	0.24289	0.20691	-0.05488	-0.41658	0.98763	0.70860	0.38950
-0.03591	0.08193	0.29325	0.24104	0.18980	-0.05804	-0.38752	0.96417	0.68878	0.37379
-0.03926	0.07275	0.28340	0.23886	0.17347	-0.06029	-0.35933	0.94089	0.66934	0.35881
-0.04259	0.06428	0.27361	0.23634	0.15800	-0.06167	-0.33216	0.91793	0.65042	0.34463
-0.04590	0.05655	0.26387	0.23350	0.14343	-0.06224	-0.30613	0.89542	0.63212	0.33130
-0.04919	0.04956	0.25416	0.23036	0.12982	-0.06205	-0.28134	0.87346	0.61457	0.31887
-0.05245	0.04330	0.24446	0.22697	0.11720	-0.06117	-0.25791	0.85218	0.59788	0.30737
-0.05566	0.03776	0.23473	0.22336	0.10559	-0.05967	-0.23591	0.83169	0.58212	0.29684
-0.05880	0.03291	0.22495	0.21960	0.09499	-0.05764	-0.21541	0.81207	0.56740	0.28728
-0.06183	0.02871	0.21507	0.21573	0.08541	-0.05515	-0.19648	0.79342	0.55377	0.27869
-0.06473	0.02511	0.20508	0.21182	0.07685	-0.05229	-0.17915	0.77582	0.54131	0.27106
-0.06747	0.02208	0.19495	0.20790	0.06929	-0.04913	-0.16342	0.75933	0.53004	0.26437
-0.07002	0.01955	0.18467	0.20405	0.06270	-0.04577	-0.14928	0.74399	0.52002	0.25857
-0.07236	0.01747	0.17422	0.20030	0.05704	-0.04227	-0.13669	0.72984	0.51127	0.25363
-0.07449	0.01578	0.16363	0.19669	0.05226	-0.03874	-0.12560	0.71691	0.50379	0.24948
-0.07638	0.01441	0.15289	0.19325	0.04832	-0.03524	-0.11595	0.70521	0.49760	0.24605
-0.07803	0.01328	0.14205	0.19001	0.04514	-0.03184	-0.10768	0.69476	0.49268	0.24327
-0.07945	0.01233	0.13115	0.18699	0.04266	-0.02863	-0.10069	0.68554	0.48900	0.24104
-0.08065	0.01150	0.12025	0.18418	0.04081	-0.02568	-0.09490	0.67754	0.48653	0.23929
-0.08164	0.01072	0.10941	0.18160	0.03951	-0.02304	-0.09021	0.67071	0.48520	0.23794
-0.08244	0.00994	0.09872	0.17924	0.03869	-0.02076	-0.08654	0.66502	0.48495	0.23693
-0.08306	0.00911	0.08826	0.17708	0.03829	-0.01889	-0.08380	0.66043	0.48570	0.23617
-0.08349	0.00819	0.07811	0.17507	0.03824	-0.01745	-0.08189	0.65686	0.48737	0.23562
-0.08374	0.00715	0.06837	0.17320	0.03847	-0.01647	-0.08073	0.65427	0.48988	0.23522
-0.08380	0.00597	0.05912	0.17142	0.03894	-0.01594	-0.08026	0.65257	0.49312	0.23490
-0.08367	0.00462	0.05043	0.16968	0.03958	-0.01585	-0.08039	0.65169	0.49701	0.23463
-0.08334	0.00308	0.04238	0.16795	0.04033	-0.01619	-0.08106	0.65156	0.50143	0.23436
-0.08284	0.00134	0.03503	0.16617	0.04115	-0.01691	-0.08218	0.65209	0.50627	0.23406
-0.08218	-0.00062	0.02844	0.16430	0.04201	-0.01797	-0.08369	0.65319	0.51142	0.23370
-0.08141	-0.00281	0.02265	0.16230	0.04285	-0.01931	-0.08548	0.65477	0.51675	0.23328
-0.08057	-0.00524	0.01769	0.16013	0.04367	-0.02087	-0.08749	0.65672	0.52217	0.23280
-0.07972	-0.00788	0.01357	0.15776	0.04441	-0.02258	-0.08962	0.65895	0.52756	0.23225
-0.07892	-0.01073	0.01031	0.15513	0.04505	-0.02436	-0.09181	0.66136	0.53281	0.23168
-0.07821	-0.01375	0.00790	0.15223	0.04557	-0.02614	-0.09398	0.66385	0.53784	0.23112
-0.07766	-0.01691	0.00632	0.14900	0.04593	-0.02787	-0.09608	0.66632	0.54258	0.23062
-0.07727	-0.02016	0.00555	0.14545	0.04613	-0.02951	-0.09805	0.66868	0.54695	0.23025
-0.07706	-0.02346	0.00557	0.14155	0.04613	-0.03100	-0.09986	0.67085	0.55089	0.23006
-0.07704	-0.02676	0.00636	0.13729	0.04594	-0.03234	-0.10149	0.67272	0.55436	0.23013
-0.07716	-0.02999	0.00791	0.13269	0.04554	-0.03351	-0.10291	0.67421	0.55727	0.23054
-0.07742	-0.03310	0.01018	0.12776	0.04491	-0.03452	-0.10411	0.67526	0.55958	0.23134
-0.07776	-0.03607	0.01317	0.12253	0.04407	-0.03536	-0.10510	0.67577	0.56121	0.23258
-0.07816	-0.03886	0.01686	0.11704	0.04298	-0.03604	-0.10587	0.67571	0.56209	0.23431
-0.07857	-0.04145	0.02120	0.11133	0.04164	-0.03657	-0.10642	0.67503	0.56217	0.23653
-0.07896	-0.04384	0.02615	0.10545	0.04002	-0.03697	-0.10676	0.67368	0.56138	0.23924
-0.07929	-0.04602	0.03165	0.09947	0.03811	-0.03724	-0.10687	0.67167	0.55968	0.24244
-0.07955	-0.04799	0.03762	0.09345	0.03589	-0.03742	-0.10676	0.66899	0.55705	0.24610
-0.07971	-0.04975	0.04396	0.08745	0.03334	-0.03754	-0.10642	0.66569	0.55349	0.25018
-0.07976	-0.05131	0.05058	0.08153	0.03049	-0.03763	-0.10584	0.66181	0.54903	0.25464
-0.07971	-0.05267	0.05734	0.07575	0.02734	-0.03775	-0.10501	0.65741	0.54372	0.25944
-0.07955	-0.05385	0.06412	0.07016	0.02393	-0.03793	-0.10391	0.65258	0.53761	0.26451
-0.07929	-0.05485	0.07079	0.06482	0.02031	-0.03823	-0.10254	0.64742	0.53081	0.26978
-0.07894	-0.05569	0.07723	0.05977	0.01654	-0.03869	-0.10085	0.64203	0.52342	0.27518
-0.07851	-0.05635	0.08330	0.05509	0.01268	-0.03934	-0.09883	0.63650	0.51554	0.28064
-0.07801	-0.05684	0.08891	0.05082	0.00880	-0.04021	-0.09645	0.63091	0.50730	0.28609
-0.07745	-0.05714	0.09397	0.04700	0.00498	-0.04131	-0.09369	0.62535	0.49884	0.29143
-0.07685	-0.05727	0.09839	0.04367	0.00127	-0.04263	-0.09054	0.61987	0.49027	0.29661
-0.07620	-0.05722	0.10214	0.04084	-0.00226	-0.04419	-0.08701	0.61451	0.48171	0.30154
-0.07551	-0.05699	0.10516	0.03852	-0.00557	-0.04596	-0.08310	0.60931	0.47327	0.30616
-0.07478	-0.05659	0.10746	0.03670	-0.00863	-0.04795	-0.07883	0.60426	0.46506	0.31041
-0.07405	-0.05602	0.10902	0.03537	-0.01142	-0.05012	-0.07422	0.59938	0.45718	0.31424
-0.07334	-0.05530	0.10984	0.03449	-0.01391	-0.05247	-0.06930	0.59465	0.44972	0.31763
-0.07269	-0.05442	0.10996	0.03403	-0.01608	-0.05495	-0.06411	0.59005	0.44276	0.32054
-0.07214	-0.05339	0.10939	0.03395	-0.01793	-0.05755	-0.05868	0.58558	0.43638	0.32297
-0.07174	-0.05219	0.10817	0.03420	-0.01943	-0.06024	-0.05305	0.58122	0.43063	0.32493
-0.07151	-0.05083	0.10635	0.03473	-0.02058	-0.06298	-0.04727	0.57698	0.42557	0.32641
-0.07149	-0.04929	0.10399	0.03547	-0.02137	-0.06575	-0.04138	0.57287	0.42124	0.32744
-0.07169	-0.04758	0.10112	0.03638	-0.02179	-0.06850	-0.03542	0.56891	0.41766	0.32802
-0.07212	-0.04570	0.09780	0.03740	-0.02182	-0.07121	-0.02943	0.56511	0.41484	0.32816
-0.07275	-0.04365	0.09406	0.03846	-0.02141	-0.07383	-0.02345	0.56150	0.41280	0.32787
-0.07358	-0.04143	0.08993	0.03954	-0.02055	-0.07633	-0.01750	0.55810	0.41153	0.32716
-0.07458	-0.03904	0.08546	0.04059	-0.01919	-0.07866	-0.01162	0.55495	0.41102	0.32604
-0.07573	-0.03650	0.08066	0.04160	-0.01730	-0.08078	-0.00583	0.55209	0.41126	0.32449
-0.07701	-0.03380	0.07557	0.04256	-0.01486	-0.08264	-0.00018	0.54955	0.41220	0.32252
-0.07839	-0.03097	0.07023	0.04345	-0.01186	-0.08420	0.00532	0.54739	0.41383	0.32010
-0.07984	-0.02804	0.06465	0.04428	-0.00831	-0.08543	0.01061	0.54563	0.41611	0.31722
-0.08134	-0.02503	0.05888	0.04506	-0.00420	-0.08628	0.01566	0.54429	0.41898	0.31384
-0.08286	-0.02198	0.05295	0.04579	0.00041	-0.08673	0.02044	0.54342	0.42242	0.30993
-0.08435	-0.01893	0.04692	0.04650	0.00551	-0.08677	0.02491	0.54300	0.42636	0.30546
-0.08579	-0.01591	0.04083	0.04717	0.01104	-0.08640	0.02904	0.54306	0.43074	0.30040
-0.08714	-0.01298	0.03474	0.04783	0.01694	-0.08562	0.03278	0.54356	0.43549	0.29475
-0.08836	-0.01018	0.02871	0.04846	0.02316	-0.08443	0.03612	0.54451	0.44053	0.28849
-0.08943	-0.00756	0.02277	0.04906	0.02964	-0.08287	0.03902	0.54585	0.44578	0.28164
-0.09034	-0.00513	0.01701	0.04961	0.03630	-0.08096	0.04148	0.54758	0.45116	0.27421
-0.09107	-0.00295	0.01146	0.05011	0.04306	-0.07872	0.04347	0.54964	0.45660	0.26625
-0.09162	-0.00103	0.00620	0.05054	0.04986	-0.07620	0.04501	0.55200	0.46202	0.25778
-0.09197	0.00061	0.00126	0.05089	0.05660	-0.07339	0.04608	0.55462	0.46735	0.24887
-0.09214	0.00196	-0.00330	0.05116	0.06323	-0.07033	0.04669	0.55748	0.47251	0.23957
-0.09212	0.00300	-0.00746	0.05137	0.06967	-0.06701	0.04687	0.56055	0.47745	0.22995
-0.09192	0.00376	-0.01118	0.05155	0.07585	-0.06344	0.04662	0.56380	0.48212	0.22008
-0.09156	0.00426	-0.01443	0.05172	0.08172	-0.05959	0.04600	0.56721	0.48646	0.21006
-0.09105	0.00451	-0.01719	0.05193	0.08722	-0.05547	0.04504	0.57078	0.49044	0.19996
-0.09040	0.00456	-0.01943	0.05221	0.09230	-0.05108	0.04378	0.57450	0.49401	0.18989
-0.08964	0.00443	-0.02114	0.05261	0.09691	-0.04640	0.04227	0.57837	0.49716	0.17995
-0.08880	0.00416	-0.02230	0.05315	0.10101	-0.04146	0.04057	0.58238	0.49987	0.17025
-0.08792	0.00377	-0.02292	0.05387	0.10457	-0.03627	0.03872	0.58652	0.50215	0.16089
-0.08704	0.00330	-0.02300	0.05478	0.10756	-0.03086	0.03677	0.59078	0.50399	0.15199
-0.08622	0.00279	-0.02255	0.05591	0.10996	-0.02529	0.03478	0.59512	0.50542	0.14364
-0.08552	0.00224	-0.02160	0.05727	0.11178	-0.01960	0.03278	0.59951	0.50646	0.13593
-0.08498	0.00171	-0.02018	0.05886	0.11303	-0.01386	0.03081	0.60391	0.50715	0.12893
-0.08465	0.00122	-0.01832	0.06069	0.11374	-0.00813	0.02890	0.60829	0.50754	0.12272
-0.08457	0.00079	-0.01606	0.06275	0.11393	-0.00245	0.02708	0.61259	0.50766	0.11736
-0.08479	0.00048	-0.01344	0.06502	0.11365	0.00311	0.02537	0.61677	0.50757	0.11290
-0.08534	0.00030	-0.01049	0.06751	0.11295	0.00852	0.02379	0.62078	0.50733	0.10942
-0.08625	0.00029	-0.00724	0.07017	0.11189	0.01374	0.02236	0.62454	0.50698	0.10696
-0.08754	0.00049	-0.00372	0.07297	0.11052	0.01873	0.02109	0.62801	0.50658	0.10557
-0.08923	0.00094	0.00004	0.07589	0.10891	0.02346	0.02001	0.63114	0.50620	0.10530
-0.09131	0.00166	0.00401	0.07887	0.10711	0.02789	0.01912	0.63388	0.50587	0.10619
-0.09378	0.00268	0.00813	0.08187	0.10518	0.03201	0.01844	0.63619	0.50563	0.10827
-0.09662	0.00399	0.01238	0.08485	0.10315	0.03578	0.01798	0.63805	0.50554	0.11156
-0.09980	0.00561	0.01668	0.08779	0.10108	0.03920	0.01774	0.63944	0.50561	0.11608
-0.10330	0.00750	0.02099	0.09066	0.09898	0.04225	0.01775	0.64034	0.50586	0.12181
-0.10706	0.00966	0.02525	0.09345	0.09689	0.04494	0.01800	0.64077	0.50630	0.12872
-0.11106	0.01206	0.02942	0.09615	0.09483	0.04727	0.01850	0.64073	0.50694	0.13677
-0.11522	0.01466	0.03345	0.09875	0.09281	0.04927	0.01924	0.64024	0.50778	0.14588
-0.11950	0.01745	0.03731	0.10124	0.09083	0.05095	0.02021	0.63931	0.50882	0.15596
-0.12381	0.02038	0.04098	0.10364	0.08889	0.05234	0.02140	0.63796	0.51003	0.16691
-0.12809	0.02341	0.04445	0.10594	0.08698	0.05344	0.02278	0.63622	0.51139	0.17859
-0.13226	0.02650	0.04772	0.10815	0.08509	0.05429	0.02431	0.63412	0.51288	0.19088
-0.13623	0.02961	0.05081	0.11026	0.08322	0.05488	0.02598	0.63168	0.51446	0.20362
-0.13993	0.03270	0.05372	0.11227	0.08136	0.05525	0.02776	0.62895	0.51609	0.21669
-0.14326	0.03574	0.05648	0.11417	0.07949	0.05538	0.02963	0.62596	0.51774	0.22994
-0.14617	0.03868	0.05910	0.11594	0.07758	0.05527	0.03156	0.62276	0.51938	0.24324
-0.14860	0.04147	0.06157	0.11755	0.07562	0.05492	0.03353	0.61936	0.52099	0.25646
-0.15049	0.04407	0.06390	0.11897	0.07356	0.05433	0.03551	0.61578	0.52252	0.26948
-0.15184	0.04646	0.06608	0.12018	0.07136	0.05349	0.03747	0.61206	0.52397	0.28219
-0.15264	0.04860	0.06807	0.12114	0.06896	0.05242	0.03938	0.60819	0.52530	0.29449
-0.15290	0.05049	0.06985	0.12185	0.06633	0.05113	0.04120	0.60419	0.52651	0.30626
-0.15265	0.05212	0.07138	0.12226	0.06340	0.04965	0.04292	0.60008	0.52756	0.31739
-0.15191	0.05349	0.07263	0.12236	0.06014	0.04801	0.04450	0.59588	0.52844	0.32778
-0.15073	0.05460	0.07358	0.12213	0.05650	0.04626	0.04593	0.59164	0.52916	0.33732
-0.14913	0.05548	0.07420	0.12155	0.05247	0.04444	0.04721	0.58741	0.52969	0.34590
-0.14716	0.05614	0.07450	0.12060	0.04804	0.04263	0.04836	0.58324	0.53002	0.35342
-0.14487	0.05661	0.07450	0.11929	0.04323	0.04087	0.04939	0.57920	0.53015	0.35978
-0.14227	0.05691	0.07421	0.11761	0.03807	0.03925	0.05033	0.57535	0.53004	0.36489
-0.13939	0.05707	0.07371	0.11558	0.03261	0.03783	0.05123	0.57175	0.52969	0.36869
-0.13626	0.05711	0.07304	0.11321	0.02690	0.03665	0.05211	0.56846	0.52909	0.37111
-0.13286	0.05705	0.07228	0.11053	0.02103	0.03578	0.05302	0.56554	0.52822	0.37213
-0.12921	0.05689	0.07151	0.10755	0.01508	0.03525	0.05400	0.56302	0.52708	0.37172
-0.12528	0.05664	0.07080	0.10429	0.00916	0.03510	0.05506	0.56094	0.52570	0.36989
-0.12107	0.05628	0.07023	0.10076	0.00336	0.03535	0.05624	0.55935	0.52409	0.36664
-0.11660	0.05581	0.06984	0.09700	-0.00222	0.03601	0.05755	0.55825	0.52228	0.36201
-0.11187	0.05520	0.06969	0.09303	-0.00748	0.03711	0.05900	0.55765	0.52033	0.35605
-0.10691	0.05443	0.06982	0.08889	-0.01233	0.03864	0.06060	0.55757	0.51828	0.34882
-0.10178	0.05349	0.07027	0.08463	-0.01669	0.04062	0.06233	0.55800	0.51619	0.34041
-0.09651	0.05235	0.07106	0.08028	-0.02048	0.04305	0.06420	0.55893	0.51413	0.33091
-0.09119	0.05100	0.07221	0.07590	-0.02366	0.04594	0.06620	0.56033	0.51217	0.32044
-0.08590	0.04945	0.07375	0.07156	-0.02618	0.04927	0.06833	0.56219	0.51038	0.30913
-0.08070	0.04770	0.07570	0.06730	-0.02802	0.05306	0.07057	0.56446	0.50882	0.29712
-0.07569	0.04578	0.07806	0.06316	-0.02918	0.05727	0.07293	0.56710	0.50756	0.28459
-0.07093	0.04371	0.08083	0.05919	-0.02969	0.06190	0.07541	0.57009	0.50667	0.27168
-0.06650	0.04155	0.08400	0.05539	-0.02956	0.06691	0.07799	0.57339	0.50619	0.25856
-0.06245	0.03935	0.08756	0.05180	-0.02886	0.07228	0.08068	0.57698	0.50616	0.24539
-0.05882	0.03716	0.09147	0.04841	-0.02762	0.07795	0.08346	0.58083	0.50664	0.23233
-0.05566	0.03504	0.09572	0.04522	-0.02590	0.08387	0.08633	0.58494	0.50765	0.21952
-0.05297	0.03304	0.10026	0.04224	-0.02376	0.08998	0.08928	0.58927	0.50922	0.20711
-0.05076	0.03124	0.10504	0.03945	-0.02126	0.09622	0.09229	0.59382	0.51135	0.19525
-0.04903	0.02967	0.11002	0.03683	-0.01846	0.10249	0.09537	0.59855	0.51406	0.18406
-0.04779	0.02837	0.11516	0.03436	-0.01541	0.10875	0.09851	0.60343	0.51734	0.17366
-0.04702	0.02739	0.12040	0.03203	-0.01219	0.11492	0.10172	0.60841	0.52120	0.16415
-0.04673	0.02673	0.12570	0.02981	-0.00885	0.12095	0.10501	0.61344	0.52564	0.15564
-0.04692	0.02643	0.13102	0.02770	-0.00544	0.12678	0.10838	0.61846	0.53065	0.14818
-0.04761	0.02648	0.13633	0.02570	-0.00199	0.13236	0.11184	0.62341	0.53622	0.14183
-0.04879	0.02691	0.14159	0.02384	0.00146	0.13766	0.11539	0.62822	0.54235	0.13663
-0.05048	0.02769	0.14679	0.02213	0.00486	0.14263	0.11905	0.63282	0.54901	0.13259
-0.05267	0.02883	0.15192	0.02059	0.00819	0.14724	0.12279	0.63717	0.55618	0.12973
-0.05538	0.03031	0.15696	0.01925	0.01138	0.15147	0.12662	0.64120	0.56382	0.12804
-0.05858	0.03211	0.16190	0.01811	0.01440	0.15530	0.13053	0.64488	0.57189	0.12750
-0.06225	0.03421	0.16672	0.01719	0.01720	0.15869	0.13451	0.64818	0.58032	0.12806
-0.06635	0.03659	0.17142	0.01649	0.01973	0.16164	0.13856	0.65107	0.58906	0.12969
-0.07084	0.03924	0.17599	0.01600	0.02196	0.16413	0.14265	0.65354	0.59802	0.13230
-0.07566	0.04213	0.18044	0.01573	0.02385	0.16616	0.14679	0.65557	0.60711	0.13583
-0.08071	0.04525	0.18476	0.01565	0.02535	0.16774	0.15097	0.65716	0.61624	0.14018
-0.08590	0.04858	0.18895	0.01576	0.02644	0.16888	0.15517	0.65830	0.62531	0.14523
-0.09113	0.05208	0.19299	0.01604	0.02709	0.16960	0.15938	0.65901	0.63421	0.15089
-0.09631	0.05576	0.19686	0.01647	0.02731	0.16994	0.16359	0.65929	0.64283	0.15703
-0.10131	0.05958	0.20054	0.01703	0.02709	0.16992	0.16779	0.65918	0.65107	0.16356
-0.10606	0.06353	0.20402	0.01774	0.02644	0.16957	0.17194	0.65869	0.65881	0.17039
-0.11047	0.06759	0.20727	0.01856	0.02539	0.16893	0.17601	0.65787	0.66596	0.17741
-0.11447	0.07174	0.21026	0.01951	0.02397	0.16802	0.17998	0.65678	0.67244	0.18456
-0.11801	0.07596	0.21294	0.02059	0.02222	0.16689	0.18382	0.65545	0.67817	0.19175
-0.12106	0.08026	0.21528	0.02178	0.02018	0.16556	0.18747	0.65397	0.68310	0.19895
-0.12359	0.08462	0.21724	0.02308	0.01786	0.16407	0.19091	0.65240	0.68720	0.20611
-0.12560	0.08903	0.21879	0.02450	0.01532	0.16244	0.19408	0.65081	0.69045	0.21320
-0.12709	0.09349	0.21988	0.02600	0.01257	0.16069	0.19696	0.64928	0.69286	0.22022
-0.12808	0.09799	0.22050	0.02759	0.00966	0.15887	0.19950	0.64788	0.69446	0.22718
-0.12858	0.10252	0.22063	0.02922	0.00664	0.15699	0.20167	0.64670	0.69530	0.23406
-0.12862	0.10707	0.22027	0.03087	0.00356	0.15509	0.20344	0.64583	0.69544	0.24087
-0.12824	0.11159	0.21942	0.03250	0.00050	0.15320	0.20478	0.64533	0.69495	0.24761
-0.12748	0.11607	0.21811	0.03409	-0.00246	0.15136	0.20568	0.64529	0.69390	0.25424
-0.12639	0.12047	0.21635	0.03560	-0.00526	0.14961	0.20613	0.64580	0.69236	0.26075
-0.12502	0.12474	0.21421	0.03702	-0.00781	0.14799	0.20613	0.64695	0.69040	0.26707
-0.12341	0.12885	0.21175	0.03833	-0.01006	0.14654	0.20571	0.64880	0.68806	0.27317
-0.12161	0.13276	0.20903	0.03953	-0.01195	0.14531	0.20487	0.65143	0.68542	0.27896
-0.11969	0.13646	0.20614	0.04062	-0.01344	0.14432	0.20364	0.65490	0.68252	0.28439
-0.11772	0.13992	0.20315	0.04162	-0.01451	0.14360	0.20204	0.65923	0.67943	0.28941
-0.11575	0.14316	0.20015	0.04255	-0.01514	0.14319	0.20010	0.66446	0.67618	0.29394
-0.11387	0.14619	0.19722	0.04340	-0.01535	0.14308	0.19785	0.67057	0.67285	0.29796
-0.11214	0.14903	0.19441	0.04418	-0.01514	0.14331	0.19532	0.67756	0.66947	0.30143
-0.11064	0.15170	0.19181	0.04488	-0.01455	0.14387	0.19253	0.68540	0.66611	0.30433
-0.10942	0.15423	0.18946	0.04548	-0.01361	0.14478	0.18954	0.69403	0.66279	0.30664
-0.10857	0.15663	0.18743	0.04597	-0.01236	0.14603	0.18640	0.70338	0.65957	0.30838
-0.10812	0.15891	0.18575	0.04634	-0.01086	0.14760	0.18316	0.71337	0.65648	0.30957
-0.10814	0.16107	0.18447	0.04657	-0.00915	0.14947	0.17988	0.72391	0.65355	0.31026
-0.10866	0.16312	0.18359	0.04666	-0.00729	0.15164	0.17662	0.73487	0.65083	0.31048
-0.10971	0.16504	0.18314	0.04662	-0.00533	0.15408	0.17343	0.74612	0.64835	0.31028
-0.11129	0.16682	0.18310	0.04646	-0.00331	0.15678	0.17036	0.75753	0.64614	0.30972
-0.11339	0.16843	0.18345	0.04620	-0.00131	0.15972	0.16743	0.76896	0.64421	0.30884
-0.11600	0.16985	0.18416	0.04586	0.00063	0.16290	0.16467	0.78027	0.64260	0.30770
-0.11909	0.17106	0.18518	0.04547	0.00245	0.16628	0.16213	0.79130	0.64131	0.30637
-0.12261	0.17203	0.18644	0.04503	0.00408	0.16985	0.15981	0.80194	0.64035	0.30489
-0.12650	0.17273	0.18789	0.04457	0.00547	0.17360	0.15773	0.81205	0.63971	0.30334
-0.13071	0.17315	0.18944	0.04410	0.00655	0.17751	0.15592	0.82152	0.63939	0.30179
-0.13516	0.17327	0.19104	0.04363	0.00726	0.18156	0.15438	0.83027	0.63935	0.30030
-0.13979	0.17307	0.19260	0.04318	0.00755	0.18576	0.15311	0.83822	0.63957	0.29893
-0.14451	0.17252	0.19408	0.04276	0.00739	0.19010	0.15210	0.84533	0.64003	0.29775
-0.14926	0.17160	0.19541	0.04241	0.00675	0.19459	0.15135	0.85154	0.64068	0.29683
-0.15396	0.17026	0.19655	0.04215	0.00563	0.19923	0.15084	0.85683	0.64150	0.29623
-0.15856	0.16846	0.19749	0.04203	0.00405	0.20403	0.15056	0.86117	0.64246	0.29601
-0.16299	0.16615	0.19819	0.04210	0.00202	0.20897	0.15050	0.86455	0.64352	0.29625
-0.16719	0.16329	0.19866	0.04242	-0.00042	0.21406	0.15064	0.86699	0.64465	0.29699
-0.17111	0.15982	0.19891	0.04306	-0.00323	0.21927	0.15096	0.86850	0.64585	0.29828
-0.17469	0.15570	0.19894	0.04410	-0.00635	0.22457	0.15148	0.86911	0.64708	0.30013
-0.17790	0.15090	0.19879	0.04560	-0.00973	0.22996	0.15217	0.86885	0.64834	0.30254
-0.18069	0.14539	0.19846	0.04764	-0.01331	0.23540	0.15304	0.86779	0.64963	0.30549
-0.18303	0.13915	0.19800	0.05028	-0.01703	0.24086	0.15408	0.86597	0.65094	0.30892
-0.18490	0.13219	0.19745	0.05358	-0.02082	0.24631	0.15529	0.86348	0.65226	0.31277
-0.18628	0.12450	0.19683	0.05756	-0.02464	0.25172	0.15668	0.86038	0.65360	0.31694
-0.18713	0.11612	0.19618	0.06225	-0.02843	0.25705	0.15826	0.85675	0.65494	0.32133
-0.18744	0.10709	0.19554	0.06763	-0.03212	0.26226	0.16003	0.85267	0.65630	0.32581
-0.18719	0.09746	0.19493	0.07367	-0.03566	0.26733	0.16201	0.84821	0.65767	0.33026
-0.18637	0.08732	0.19437	0.08032	-0.03901	0.27223	0.16421	0.84346	0.65906	0.33456
-0.18496	0.07675	0.19389	0.08750	-0.04210	0.27691	0.16663	0.83847	0.66050	0.33859
-0.18295	0.06587	0.19351	0.09512	-0.04489	0.28136	0.16926	0.83331	0.66201	0.34227
-0.18033	0.05476	0.19323	0.10310	-0.04733	0.28556	0.17210	0.82802	0.66361	0.34548
-0.17711	0.04357	0.19305	0.11131	-0.04936	0.28948	0.17511	0.82266	0.66535	0.34818
-0.17329	0.03239	0.19298	0.11966	-0.05097	0.29313	0.17828	0.81727	0.66727	0.35028
-0.16889	0.02136	0.19299	0.12802	-0.05212	0.29649	0.18157	0.81191	0.66942	0.35174
-0.16394	0.01059	0.19306	0.13628	-0.05278	0.29957	0.18494	0.80663	0.67185	0.35252
-0.15849	0.00019	0.19317	0.14434	-0.05295	0.30236	0.18836	0.80147	0.67461	0.35261
-0.15260	-0.00974	0.19330	0.15209	-0.05263	0.30489	0.19177	0.79649	0.67773	0.35200
-0.14634	-0.01911	0.19341	0.15941	-0.05180	0.30715	0.19515	0.79174	0.68126	0.35068
-0.13980	-0.02783	0.19348	0.16619	-0.05047	0.30916	0.19846	0.78729	0.68523	0.34867
-0.13308	-0.03584	0.19349	0.17232	-0.04867	0.31093	0.20166	0.78321	0.68968	0.34600
-0.12625	-0.04309	0.19341	0.17770	-0.04640	0.31247	0.20469	0.77955	0.69463	0.34272
-0.11942	-0.04951	0.19324	0.18223	-0.04368	0.31379	0.20751	0.77641	0.70014	0.33888
-0.11267	-0.05509	0.19296	0.18581	-0.04054	0.31492	0.21008	0.77386	0.70622	0.33454
-0.10607	-0.05981	0.19258	0.18837	-0.03701	0.31586	0.21233	0.77200	0.71292	0.32979
-0.09970	-0.06366	0.19212	0.18986	-0.03310	0.31665	0.21423	0.77091	0.72026	0.32471
-0.09361	-0.06663	0.19159	0.19025	-0.02886	0.31730	0.21574	0.77068	0.72825	0.31940
-0.08784	-0.06875	0.19104	0.18954	-0.02431	0.31782	0.21683	0.77138	0.73689	0.31393
-0.08242	-0.07001	0.19050	0.18776	-0.01949	0.31823	0.21749	0.77306	0.74618	0.30842
-0.07737	-0.07044	0.19002	0.18495	-0.01445	0.31855	0.21771	0.77577	0.75608	0.30295
-0.07270	-0.07007	0.18964	0.18120	-0.00922	0.31880	0.21752	0.77953	0.76657	0.29759
-0.06839	-0.06893	0.18940	0.17662	-0.00386	0.31898	0.21694	0.78434	0.77759	0.29242
-0.06443	-0.06707	0.18933	0.17133	0.00158	0.31912	0.21600	0.79018	0.78907	0.28752
-0.06081	-0.06454	0.18946	0.16548	0.00706	0.31923	0.21474	0.79703	0.80096	0.28295
-0.05749	-0.06141	0.18978	0.15924	0.01251	0.31930	0.21320	0.80485	0.81317	0.27879
-0.05446	-0.05772	0.19030	0.15274	0.01786	0.31936	0.21144	0.81357	0.82561	0.27510
-0.05167	-0.05354	0.19100	0.14615	0.02306	0.31941	0.20950	0.82312	0.83820	0.27196
-0.04910	-0.04897	0.19185	0.13962	0.02801	0.31946	0.20744	0.83344	0.85086	0.26943
-0.04672	-0.04406	0.19281	0.13327	0.03265	0.31952	0.20532	0.84443	0.86351	0.26756
-0.04450	-0.03891	0.19383	0.12723	0.03692	0.31963	0.20320	0.85602	0.87609	0.26640
-0.04244	-0.03359	0.19487	0.12161	0.04074	0.31978	0.20116	0.86811	0.88853	0.26599
-0.04054	-0.02819	0.19587	0.11648	0.04407	0.32002	0.19926	0.88063	0.90079	0.26637
-0.03881	-0.02280	0.19680	0.11191	0.04688	0.32033	0.19758	0.89347	0.91285	0.26758
-0.03729	-0.01748	0.19763	0.10795	0.04915	0.32074	0.19619	0.90655	0.92466	0.26966
-0.03600	-0.01229	0.19833	0.10461	0.05088	0.32125	0.19515	0.91978	0.93621	0.27265
-0.03499	-0.00727	0.19890	0.10189	0.05209	0.32185	0.19453	0.93307	0.94748	0.27656
-0.03430	-0.00245	0.19935	0.09977	0.05281	0.32255	0.19437	0.94631	0.95843	0.28141
-0.03396	0.00215	0.19969	0.09821	0.05307	0.32336	0.19473	0.95943	0.96907	0.28721
-0.03399	0.00654	0.19995	0.09715	0.05291	0.32430	0.19564	0.97234	0.97937	0.29394
-0.03443	0.01073	0.20017	0.09653	0.05240	0.32541	0.19712	0.98495	0.98931	0.30159
-0.03528	0.01474	0.20041	0.09627	0.05159	0.32671	0.19919	0.99721	0.99890	0.31011
-0.03655	0.01861	0.20072	0.09630	0.05054	0.32827	0.20184	1.00906	1.00811	0.31942
-0.03824	0.02237	0.20118	0.09653	0.04931	0.33013	0.20504	1.02045	1.01695	0.32947
-0.04035	0.02605	0.20184	0.09688	0.04795	0.33231	0.20876	1.03136	1.02542	0.34017
-0.04287	0.02967	0.20279	0.09728	0.04654	0.33485	0.21294	1.04179	1.03352	0.35143
-0.04579	0.03324	0.20409	0.09766	0.04511	0.33775	0.21753	1.05174	1.04128	0.36315
-0.04913	0.03677	0.20580	0.09796	0.04374	0.34101	0.22246	1.06125	1.04870	0.37523
-0.05288	0.04026	0.20798	0.09813	0.04248	0.34460	0.22767	1.07040	1.05579	0.38757
-0.05702	0.04370	0.21068	0.09811	0.04140	0.34848	0.23309	1.07925	1.06256	0.40008
-0.06156	0.04710	0.21395	0.09786	0.04055	0.35259	0.23865	1.08792	1.06904	0.41268
-0.06645	0.05043	0.21781	0.09735	0.04001	0.35690	0.24428	1.09653	1.07523	0.42529
-0.07168	0.05372	0.22228	0.09656	0.03981	0.36135	0.24992	1.10521	1.08116	0.43786
-0.07718	0.05695	0.22735	0.09549	0.04003	0.36588	0.25550	1.11408	1.08686	0.45034
-0.08290	0.06014	0.23299	0.09415	0.04070	0.37045	0.26094	1.12328	1.09238	0.46269
-0.08878	0.06329	0.23915	0.09257	0.04185	0.37502	0.26619	1.13294	1.09777	0.47491
-0.09473	0.06642	0.24575	0.09077	0.04350	0.37956	0.27117	1.14316	1.10306	0.48699
-0.10068	0.06955	0.25269	0.08880	0.04567	0.38405	0.27581	1.15404	1.10832	0.49896
-0.10655	0.07272	0.25988	0.08670	0.04834	0.38849	0.28004	1.16565	1.11359	0.51083
-0.11228	0.07595	0.26718	0.08453	0.05152	0.39287	0.28382	1.17803	1.11895	0.52262
-0.11781	0.07928	0.27447	0.08233	0.05517	0.39721	0.28709	1.19119	1.12442	0.53437
-0.12308	0.08274	0.28163	0.08016	0.05926	0.40152	0.28980	1.20514	1.13007	0.54607
-0.12807	0.08634	0.28853	0.07807	0.06377	0.40583	0.29193	1.21983	1.13592	0.55775
-0.13275	0.09011	0.29504	0.07611	0.06865	0.41015	0.29347	1.23523	1.14202	0.56942
-0.13711	0.09407	0.30103	0.07431	0.07387	0.41453	0.29442	1.25127	1.14840	0.58109
-0.14118	0.09820	0.30640	0.07272	0.07938	0.41900	0.29478	1.26789	1.15507	0.59276
-0.14496	0.10252	0.31104	0.07137	0.08514	0.42360	0.29459	1.28501	1.16203	0.60446
-0.14851	0.10702	0.31485	0.07028	0.09113	0.42835	0.29384	1.30255	1.16930	0.61621
-0.15186	0.11166	0.31774	0.06949	0.09727	0.43328	0.29258	1.32041	1.17686	0.62803
-0.15507	0.11644	0.31967	0.06903	0.10351	0.43840	0.29080	1.33849	1.18471	0.63996
-0.15821	0.12133	0.32059	0.06894	0.10979	0.44372	0.28855	1.35668	1.19283	0.65203
-0.16132	0.12630	0.32047	0.06923	0.11603	0.44922	0.28583	1.37488	1.20118	0.66426
-0.16448	0.13133	0.31934	0.06994	0.12219	0.45488	0.28269	1.39294	1.20973	0.67671
-0.16771	0.13639	0.31720	0.07110	0.12817	0.46068	0.27915	1.41076	1.21845	0.68938
-0.17109	0.14145	0.31409	0.07272	0.13393	0.46657	0.27524	1.42821	1.22730	0.70231
-0.17467	0.14646	0.31007	0.07482	0.13940	0.47253	0.27103	1.44515	1.23624	0.71552
-0.17849	0.15138	0.30520	0.07739	0.14453	0.47854	0.26654	1.46149	1.24526	0.72900
-0.18261	0.15618	0.29956	0.08042	0.14929	0.48458	0.26182	1.47711	1.25433	0.74277
-0.18710	0.16082	0.29322	0.08388	0.15364	0.49064	0.25692	1.49194	1.26340	0.75678
-0.19202	0.16525	0.28626	0.08774	0.15760	0.49675	0.25186	1.50589	1.27247	0.77102
-0.19742	0.16943	0.27877	0.09196	0.16120	0.50291	0.24667	1.51889	1.28152	0.78543
-0.20336	0.17331	0.27083	0.09648	0.16448	0.50914	0.24138	1.53090	1.29051	0.79993
-0.20990	0.17683	0.26252	0.10125	0.16752	0.51545	0.23599	1.54188	1.29944	0.81443
-0.21706	0.17997	0.25393	0.10620	0.17042	0.52186	0.23053	1.55182	1.30828	0.82883
-0.22489	0.18270	0.24515	0.11126	0.17331	0.52834	0.22501	1.56071	1.31701	0.84297
-0.23342	0.18500	0.23626	0.11637	0.17629	0.53491	0.21945	1.56855	1.32561	0.85674
-0.24268	0.18686	0.22735	0.12149	0.17948	0.54153	0.21385	1.57535	1.33405	0.86997
-0.25268	0.18828	0.21852	0.12655	0.18302	0.54819	0.20823	1.58115	1.34230	0.88255
-0.26343	0.18930	0.20986	0.13152	0.18700	0.55485	0.20261	1.58597	1.35031	0.89435
-0.27493	0.18994	0.20144	0.13636	0.19154	0.56149	0.19700	1.58985	1.35806	0.90525
-0.28719	0.19022	0.19334	0.14104	0.19670	0.56804	0.19143	1.59284	1.36552	0.91517
-0.30019	0.19019	0.18563	0.14554	0.20253	0.57447	0.18592	1.59497	1.37267	0.92405
-0.31389	0.18989	0.17835	0.14983	0.20907	0.58072	0.18050	1.59632	1.37950	0.93185
-0.32825	0.18934	0.17155	0.15390	0.21629	0.58674	0.17521	1.59693	1.38600	0.93855
-0.34322	0.18856	0.16525	0.15774	0.22416	0.59245	0.17010	1.59688	1.39218	0.94418
-0.35873	0.18758	0.15947	0.16135	0.23260	0.59779	0.16521	1.59623	1.39806	0.94876
-0.37470	0.18640	0.15423	0.16473	0.24150	0.60270	0.16059	1.59505	1.40365	0.95234
-0.39105	0.18502	0.14951	0.16787	0.25073	0.60711	0.15627	1.59344	1.40900	0.95495
-0.40767	0.18342	0.14533	0.17079	0.26012	0.61095	0.15230	1.59146	1.41413	0.95667
-0.42445	0.18159	0.14164	0.17351	0.26950	0.61416	0.14869	1.58920	1.41907	0.95753
-0.44124	0.17949	0.13844	0.17605	0.27867	0.61670	0.14548	1.58674	1.42385	0.95758
-0.45791	0.17709	0.13566	0.17845	0.28742	0.61851	0.14267	1.58416	1.42850	0.95689
-0.47428	0.17434	0.13325	0.18073	0.29555	0.61957	0.14027	1.58152	1.43302	0.95548
-0.49017	0.17120	0.13116	0.18293	0.30285	0.61985	0.13829	1.57890	1.43745	0.95342
-0.50538	0.16762	0.12929	0.18507	0.30911	0.61934	0.13674	1.57634	1.44178	0.95073
-0.51970	0.16360	0.12756	0.18718	0.31414	0.61803	0.13561	1.57390	1.44602	0.94744
-0.53292	0.15912	0.12589	0.18929	0.31776	0.61593	0.13490	1.57160	1.45018	0.94358
-0.54482	0.15418	0.12416	0.19142	0.31979	0.61306	0.13462	1.56950	1.45426	0.93916
-0.55517	0.14880	0.12230	0.19355	0.32010	0.60944	0.13478	1.56760	1.45830	0.93418
-0.56378	0.14302	0.12022	0.19569	0.31854	0.60510	0.13538	1.56592	1.46233	0.92866
-0.57043	0.13687	0.11784	0.19781	0.31501	0.60011	0.13643	1.56448	1.46638	0.92262
-0.57495	0.13041	0.11510	0.19990	0.30942	0.59450	0.13794	1.56328	1.47052	0.91607
-0.57718	0.12369	0.11196	0.20190	0.30173	0.58833	0.13993	1.56233	1.47480	0.90908
-0.57698	0.11678	0.10839	0.20377	0.29193	0.58165	0.14239	1.56164	1.47932	0.90173
-0.57428	0.10972	0.10437	0.20545	0.28003	0.57450	0.14533	1.56123	1.48415	0.89412
-0.56902	0.10257	0.09988	0.20688	0.26609	0.56694	0.14872	1.56111	1.48938	0.88637
-0.56120	0.09537	0.09492	0.20799	0.25020	0.55902	0.15253	1.56133	1.49509	0.87863
-0.55086	0.08818	0.08951	0.20872	0.23249	0.55080	0.15675	1.56191	1.50137	0.87107
-0.53809	0.08105	0.08365	0.20901	0.21309	0.54234	0.16133	1.56288	1.50826	0.86382
-0.52304	0.07403	0.07737	0.20880	0.19218	0.53370	0.16624	1.56430	1.51582	0.85703
-0.50587	0.06716	0.07069	0.20804	0.16993	0.52498	0.17144	1.56621	1.52406	0.85082
-0.48680	0.06049	0.06364	0.20670	0.14654	0.51625	0.17688	1.56866	1.53300	0.84529
-0.46607	0.05407	0.05627	0.20474	0.12221	0.50761	0.18253	1.57169	1.54260	0.84050
-0.44395	0.04795	0.04862	0.20215	0.09719	0.49914	0.18833	1.57534	1.55282	0.83649
-0.42072	0.04215	0.04074	0.19890	0.07173	0.49094	0.19425	1.57967	1.56358	0.83325
-0.39667	0.03672	0.03269	0.19501	0.04612	0.48308	0.20021	1.58470	1.57481	0.83073
-0.37211	0.03167	0.02455	0.19047	0.02065	0.47565	0.20617	1.59043	1.58639	0.82885
-0.34733	0.02700	0.01638	0.18530	-0.00437	0.46871	0.21206	1.59685	1.59820	0.82752
-0.32262	0.02272	0.00829	0.17952	-0.02864	0.46233	0.21781	1.60391	1.61012	0.82659
-0.29828	0.01881	0.00036	0.17316	-0.05184	0.45656	0.22334	1.61153	1.62197	0.82594
-0.27460	0.01526	-0.00729	0.16626	-0.07370	0.45144	0.22857	1.61960	1.63360	0.82541
-0.25184	0.01204	-0.01456	0.15887	-0.09394	0.44701	0.23343	1.62797	1.64483	0.82486
-0.23026	0.00911	-0.02133	0.15104	-0.11233	0.44328	0.23785	1.63648	1.65546	0.82417
-0.21010	0.00643	-0.02749	0.14285	-0.12866	0.44026	0.24172	1.64495	1.66531	0.82319
-0.19155	0.00397	-0.03292	0.13437	-0.14278	0.43793	0.24499	1.65318	1.67418	0.82180
-0.17476	0.00167	-0.03750	0.12570	-0.15454	0.43627	0.24758	1.66097	1.68187	0.81988
-0.15986	-0.00050	-0.04112	0.11694	-0.16386	0.43524	0.24943	1.66810	1.68818	0.81729
-0.14692	-0.00258	-0.04365	0.10819	-0.17067	0.43481	0.25047	1.67438	1.69294	0.81392
-0.13597	-0.00463	-0.04497	0.09954	-0.17497	0.43491	0.25066	1.67961	1.69596	0.80967
-0.12702	-0.00670	-0.04496	0.09108	-0.17676	0.43551	0.24998	1.68360	1.69710	0.80447
-0.12004	-0.00882	-0.04350	0.08290	-0.17608	0.43656	0.24840	1.68620	1.69619	0.79827
-0.11495	-0.01105	-0.04048	0.07507	-0.17302	0.43800	0.24593	1.68724	1.69310	0.79102
-0.11165	-0.01340	-0.03581	0.06764	-0.16767	0.43980	0.24259	1.68659	1.68771	0.78272
-0.11003	-0.01588	-0.02941	0.06066	-0.16015	0.44190	0.23842	1.68416	1.67992	0.77338
-0.10993	-0.01849	-0.02121	0.05415	-0.15062	0.44428	0.23346	1.67985	1.66964	0.76305
-0.11120	-0.02119	-0.01115	0.04812	-0.13923	0.44688	0.22778	1.67360	1.65681	0.75179
-0.11366	-0.02395	0.00081	0.04255	-0.12614	0.44968	0.22147	1.66538	1.64140	0.73967
-0.11713	-0.02671	0.01469	0.03743	-0.11151	0.45265	0.21460	1.65520	1.62337	0.72678
-0.12142	-0.02937	0.03048	0.03276	-0.09552	0.45574	0.20728	1.64308	1.60276	0.71323
-0.12635	-0.03187	0.04818	0.02852	-0.07832	0.45892	0.19959	1.62909	1.57962	0.69911
-0.13172	-0.03410	0.06773	0.02470	-0.06007	0.46216	0.19164	1.61329	1.55402	0.68451
-0.13736	-0.03598	0.08906	0.02132	-0.04094	0.46542	0.18352	1.59578	1.52610	0.66952
-0.14309	-0.03741	0.11207	0.01838	-0.02110	0.46868	0.17528	1.57668	1.49600	0.65423
-0.14872	-0.03834	0.13663	0.01591	-0.00072	0.47192	0.16700	1.55611	1.46390	0.63872
-0.15412	-0.03870	0.16258	0.01390	0.02004	0.47511	0.15870	1.53419	1.42999	0.62306
-0.15912	-0.03846	0.18972	0.01239	0.04100	0.47822	0.15044	1.51104	1.39448	0.60732
-0.16361	-0.03759	0.21784	0.01138	0.06198	0.48123	0.14224	1.48681	1.35759	0.59159
-0.16748	-0.03612	0.24671	0.01087	0.08283	0.48412	0.13411	1.46163	1.31952	0.57592
-0.17066	-0.03406	0.27606	0.01086	0.10337	0.48685	0.12606	1.43564	1.28049	0.56038
-0.17308	-0.03146	0.30565	0.01132	0.12346	0.48940	0.11811	1.40899	1.24069	0.54506
-0.17474	-0.02838	0.33520	0.01223	0.14293	0.49172	0.11026	1.38183	1.20031	0.53001
-0.17563	-0.02492	0.36446	0.01351	0.16167	0.49376	0.10250	1.35432	1.15952	0.51531
-0.17580	-0.02116	0.39318	0.01511	0.17954	0.49547	0.09484	1.32665	1.11846	0.50102
-0.17531	-0.01725	0.42109	0.01692	0.19641	0.49677	0.08727	1.29900	1.07727	0.48719
-0.17424	-0.01331	0.44796	0.01885	0.21216	0.49762	0.07975	1.27157	1.03610	0.47388
-0.17268	-0.00950	0.47355	0.02077	0.22670	0.49794	0.07228	1.24457	0.99505	0.46115
-0.17074	-0.00598	0.49766	0.02256	0.23992	0.49769	0.06482	1.21820	0.95425	0.44902
-0.16853	-0.00291	0.52010	0.02410	0.25174	0.49682	0.05737	1.19265	0.91380	0.43754
-0.16613	-0.00043	0.54068	0.02527	0.26208	0.49530	0.04988	1.16810	0.87384	0.42675
-0.16362	0.00133	0.55926	0.02596	0.27088	0.49311	0.04236	1.14472	0.83449	0.41664
-0.16106	0.00225	0.57570	0.02607	0.27807	0.49027	0.03478	1.12263	0.79586	0.40723
-0.15847	0.00226	0.58991	0.02552	0.28363	0.48679	0.02716	1.10194	0.75810	0.39848
-0.15587	0.00130	0.60180	0.02424	0.28751	0.48274	0.01950	1.08270	0.72132	0.39036
-0.15324	-0.00066	0.61133	0.02217	0.28971	0.47819	0.01181	1.06494	0.68567	0.38279
-0.15056	-0.00360	0.61846	0.01930	0.29021	0.47322	0.00410	1.04868	0.65129	0.37567
-0.14778	-0.00751	0.62318	0.01560	0.28903	0.46794	-0.00362	1.03387	0.61834	0.36888
-0.14486	-0.01232	0.62549	0.01108	0.28620	0.46247	-0.01137	1.02043	0.58698	0.36228
-0.14177	-0.01794	0.62540	0.00575	0.28177	0.45689	-0.01913	1.00827	0.55738	0.35571
-0.13845	-0.02424	0.62291	-0.00033	0.27580	0.45133	-0.02691	0.99722	0.52972	0.34901
-0.13488	-0.03109	0.61807	-0.00711	0.26839	0.44586	-0.03475	0.98710	0.50417	0.34200
-0.13102	-0.03832	0.61088	-0.01451	0.25965	0.44056	-0.04265	0.97771	0.48091	0.33455
-0.12686	-0.04576	0.60139	-0.02243	0.24968	0.43549	-0.05065	0.96881	0.46008	0.32650
-0.12238	-0.05322	0.58962	-0.03074	0.23863	0.43067	-0.05877	0.96015	0.44183	0.31777
-0.11757	-0.06053	0.57560	-0.03929	0.22664	0.42612	-0.06705	0.95147	0.42628	0.30827
-0.11244	-0.06753	0.55938	-0.04793	0.21386	0.42182	-0.07551	0.94249	0.41352	0.29795
-0.10696	-0.07406	0.54100	-0.05647	0.20045	0.41773	-0.08418	0.93296	0.40362	0.28679
-0.10115	-0.07998	0.52052	-0.06471	0.18654	0.41377	-0.09307	0.92262	0.39658	0.27481
-0.09500	-0.08519	0.49803	-0.07245	0.17228	0.40988	-0.10220	0.91123	0.39239	0.26205
-0.08852	-0.08957	0.47363	-0.07948	0.15778	0.40596	-0.11160	0.89857	0.39096	0.24858
-0.08175	-0.09306	0.44743	-0.08558	0.14316	0.40191	-0.12126	0.88445	0.39216	0.23449
-0.07470	-0.09562	0.41958	-0.09058	0.12850	0.39763	-0.13120	0.86871	0.39583	0.21991
-0.06743	-0.09721	0.39024	-0.09429	0.11391	0.39301	-0.14142	0.85123	0.40173	0.20495
-0.06000	-0.09786	0.35961	-0.09658	0.09946	0.38795	-0.15194	0.83192	0.40961	0.18977
-0.05251	-0.09757	0.32790	-0.09733	0.08522	0.38235	-0.16276	0.81075	0.41915	0.17450
-0.04508	-0.09642	0.29532	-0.09648	0.07126	0.37610	-0.17386	0.78771	0.43004	0.15930
